#          omega_b,        omega_cdm,               H0,              n_s,              A_s,         tau_reio, scf_parameters__1,       f_axion_ac,   log10_axion_ac,        A_cib_217,        xi_sz_cib,             A_sz,     ps_A_100_100,     ps_A_143_143,     ps_A_143_217,     ps_A_217_217,         ksz_norm,     gal545_A_100,     gal545_A_143, gal545_A_143_217,     gal545_A_217,    galf_TE_A_100, galf_TE_A_100_143, galf_TE_A_100_217,    galf_TE_A_143, galf_TE_A_143_217,    galf_TE_A_217,       calib_100T,       calib_217T,         A_planck,                M,              yp2,            Kappa, Dl_Poisson_90x90, Dl_Poisson_90x150, Dl_Poisson_90x220, Dl_Poisson_150x150, Dl_Poisson_150x220, Dl_Poisson_220x220,     ADust_TE_150,     AlphaDust_TE,     ADust_EE_150,     AlphaDust_EE,        MapTcal90,       MapTcal150,       MapTcal220,        MapPcal90,       MapPcal150,       MapPcal220,     ln10^{10}A_s,              age,           rs_rec,      100*theta_s,           sigma8,          Omega_m,     Omega_Lambda,    log10_f_axion,    log10_m_axion,            f_ede,        log10_z_c
 4.215488e-08	 5.176628e-07	 1.824484e-04	 1.145467e-06	 2.282356e-15	 2.686937e-07	-1.154336e-05	 4.074112e-06	-2.176486e-06	-5.672133e-05	 8.686665e-07	-2.372106e-05	-5.274624e-04	-3.463668e-04	 7.063450e-05	 1.737410e-04	-2.014538e-06	-7.800083e-06	-1.490919e-06	 2.002825e-05	 4.275406e-05	 6.414361e-08	 1.430429e-07	-2.809312e-07	 1.457829e-07	-4.461039e-07	-1.467132e-07	 1.426190e-09	-2.599110e-09	-2.840423e-08	 5.204668e-06	-4.367207e-09	-5.638220e-09	-1.279547e-07	-1.274929e-08	 2.082374e-08	-9.173407e-09	-2.445702e-09	-9.125955e-08	-3.387895e-07	 4.020963e-08	 3.685217e-08	-1.554226e-07	-4.193721e-08	-4.566010e-08	-6.263403e-08	 3.994480e-08	 5.018134e-08	 4.309944e-08	 1.065816e-06	-2.671548e-05	-2.602061e-04	-3.060776e-08	 1.269871e-06	-4.372875e-07	 4.376114e-07	 1.273423e-05	 1.055619e-06	 4.074468e-06	 2.175127e-06	
 5.176628e-07	 2.789229e-05	 6.755445e-03	 3.368498e-05	 9.048702e-14	 1.983005e-06	-1.459940e-04	 1.944713e-04	-4.311536e-05	-2.646389e-03	 1.790734e-05	-4.504877e-04	 2.382572e-02	 2.598181e-02	 9.738900e-03	 4.060004e-03	 1.020856e-04	-3.531441e-04	-4.893187e-04	 9.331477e-04	 2.970038e-03	 1.267306e-06	 4.821181e-06	 1.408665e-05	 1.532724e-05	-4.420854e-06	 6.884339e-05	-3.347537e-08	-9.761098e-08	-8.105741e-07	 1.994745e-04	 4.032346e-07	-4.110433e-08	 1.765964e-06	 4.043768e-07	 1.253750e-06	-2.370776e-07	 1.429083e-07	-1.786000e-06	 2.450725e-06	 2.719573e-06	 5.395396e-07	 9.081492e-07	 3.313545e-07	 5.169062e-07	-6.521531e-07	-3.817004e-07	 3.129598e-07	-1.070084e-08	 4.236018e-05	-1.172268e-03	-1.236859e-02	-1.186633e-06	 6.488367e-05	-1.880386e-06	 1.892125e-06	 4.074325e-04	 5.065716e-05	 1.944762e-04	 4.312333e-05	
 1.824484e-04	 6.755445e-03	 2.153864e+00	 1.020437e-02	 2.050743e-11	 5.110730e-04	-3.263825e-02	 5.281975e-02	-1.080777e-02	-5.760263e-01	-2.695757e-04	-1.520378e-01	 2.515152e+00	 4.258609e+00	 1.040414e+00	 1.726251e+00	 1.256249e-01	-9.698762e-02	-1.190585e-01	 1.760473e-01	 4.469665e-01	 1.229593e-03	 4.910472e-04	 2.111174e-03	 1.790205e-03	-3.060630e-03	 1.099915e-02	 1.186604e-06	-1.440932e-05	-1.896932e-04	 6.187773e-02	-6.729128e-05	-9.865211e-06	 1.622008e-04	 9.157688e-05	 2.637854e-04	-1.764483e-04	 5.389588e-05	-9.368939e-04	-1.098126e-03	 8.245887e-04	 3.748756e-04	 3.097795e-05	-5.000977e-05	 7.421642e-05	-2.916574e-04	-1.428789e-04	 9.258649e-05	 1.507678e-04	 9.605832e-03	-3.256603e-01	-3.209069e+00	-3.091716e-04	 1.465337e-02	-4.561956e-03	 4.565774e-03	 1.067155e-01	 1.160457e-02	 5.282078e-02	 1.080496e-02	
 1.145467e-06	 3.368498e-05	 1.020437e-02	 6.250596e-05	 1.327266e-13	 1.215842e-05	-2.908853e-04	 2.565919e-04	-7.555133e-05	-1.232550e-03	 3.041311e-05	-7.715783e-04	 2.569474e-03	 2.883823e-02	 1.122615e-02	-7.276400e-03	 1.726806e-04	-2.322633e-04	-1.827449e-04	 1.040384e-03	 2.416332e-03	 1.670016e-06	 6.940415e-06	 6.834518e-06	 1.187350e-05	-1.818428e-05	 7.881414e-05	-7.207588e-08	 1.164730e-08	-3.168987e-06	 2.947001e-04	-6.499499e-07	-1.667846e-07	 3.304095e-07	 4.121357e-07	 1.294807e-06	-2.567129e-07	 3.144086e-07	-3.267918e-06	 1.176573e-06	 3.272705e-06	 8.769585e-07	-2.208192e-06	-1.107374e-06	-7.578306e-08	-1.926423e-06	 7.812305e-07	 1.852320e-06	 1.449229e-06	 6.216141e-05	-1.585171e-03	-1.587252e-02	-1.674753e-06	 8.368196e-05	-1.800585e-05	 1.802410e-05	 5.842230e-04	 7.013000e-05	 2.566003e-04	 7.561694e-05	
 2.282356e-15	 9.048702e-14	 2.050743e-11	 1.327266e-13	 1.240771e-21	 2.155465e-13	-9.597722e-13	 6.112847e-13	-1.916610e-13	-4.239039e-11	 5.997176e-13	-2.491104e-12	-4.601033e-11	-6.352053e-11	-8.269789e-11	 7.149452e-11	-1.879907e-12	-1.072726e-12	-3.048338e-12	 6.281595e-12	 2.197504e-11	 1.060406e-15	 1.416190e-14	 1.024650e-13	 7.452607e-15	 5.303577e-14	 2.779174e-13	 1.230797e-15	-7.483468e-16	 8.880008e-15	 6.052901e-13	-3.669114e-15	-3.553192e-16	-7.847218e-15	 3.901689e-15	 5.219526e-15	-7.147397e-16	 5.365945e-15	 1.721322e-14	 1.506710e-14	 2.345728e-14	 9.093141e-15	-1.951448e-14	-6.270923e-15	-5.606342e-15	-4.166378e-15	 2.473559e-14	 1.941689e-14	 1.566743e-14	 5.818045e-13	-3.694118e-12	-3.962140e-11	-3.750440e-15	 4.063446e-13	 5.968999e-15	-5.931636e-15	 1.524540e-12	 1.519119e-13	 6.113507e-13	 1.908569e-13	
 2.686937e-07	 1.983005e-06	 5.110730e-04	 1.215842e-05	 2.155465e-13	 5.086186e-05	-1.436741e-04	 1.362326e-05	-1.614968e-05	-7.894521e-03	 9.601810e-05	-5.194566e-04	-2.449508e-02	-2.855922e-02	-2.939202e-02	 9.873633e-03	-4.096392e-04	 2.366866e-04	-4.415533e-05	 9.787985e-04	 2.627362e-03	-7.556083e-07	 1.926959e-06	 1.266265e-05	-9.152513e-06	 1.139509e-05	 1.567413e-05	 1.671224e-07	-8.540207e-08	-9.195751e-07	 1.412518e-05	 1.918192e-07	-1.021591e-07	-3.589542e-06	 6.459534e-07	 2.734578e-07	 1.024725e-07	 1.362314e-06	 5.407013e-06	 7.085979e-06	 1.960944e-06	 2.637441e-06	-5.635847e-06	-2.794675e-06	-2.583853e-06	-1.181852e-06	 3.374500e-06	 1.734467e-06	 1.786613e-06	 1.011293e-04	-8.895768e-05	-9.426508e-04	-1.596514e-07	 4.813231e-05	-1.448629e-07	 1.462704e-07	 9.544998e-05	-3.541950e-06	 1.363331e-05	 1.600868e-05	
-1.154336e-05	-1.459940e-04	-3.263825e-02	-2.908853e-04	-9.597722e-13	-1.436741e-04	 5.788390e-03	-9.514782e-04	 6.880490e-04	 3.304472e-02	-1.030902e-03	 9.210846e-03	 2.602361e-01	-8.632270e-03	-2.251903e-01	-1.963040e-01	 8.094417e-03	-4.216154e-04	-2.307003e-04	-9.991346e-03	-3.354785e-02	-5.502078e-05	-6.426751e-05	 1.380792e-05	-7.322798e-06	 1.388197e-04	-2.754657e-04	-5.146957e-07	 1.869140e-06	-7.202386e-06	-9.748710e-04	 9.310339e-06	 2.656508e-06	 2.562721e-05	 3.779021e-06	-1.222351e-05	-3.635508e-06	-3.643224e-06	-2.534499e-07	-2.145875e-05	 1.979967e-05	 1.472859e-05	 7.020778e-05	 5.853635e-06	 1.087258e-05	 8.563683e-06	-2.289061e-05	-1.601781e-05	-7.816462e-06	-4.481246e-04	 6.033458e-03	 6.596254e-02	 7.528800e-06	-4.506650e-04	-2.959851e-05	 2.954026e-05	-4.613716e-03	 1.339905e-04	-9.517041e-04	-6.866264e-04	
 4.074112e-06	 1.944713e-04	 5.281975e-02	 2.565919e-04	 6.112847e-13	 1.362326e-05	-9.514782e-04	 1.425054e-03	-3.040443e-04	-1.778204e-02	 8.700650e-05	-3.623776e-03	 1.200334e-01	 1.514136e-01	 4.290076e-02	 2.335754e-02	 1.753449e-03	-2.422963e-03	-3.333496e-03	 6.040746e-03	 1.752957e-02	 2.142068e-05	 2.611622e-05	 7.718727e-05	 8.838739e-05	-5.404823e-05	 4.229860e-04	-1.635410e-07	-6.291656e-07	-5.800128e-06	 1.541378e-03	 1.477558e-06	-4.292659e-07	 1.022262e-05	 2.993139e-06	 8.845181e-06	-3.190028e-06	 1.449424e-06	-1.838124e-05	 1.020988e-05	 2.255035e-05	 5.664450e-06	 5.270893e-06	 1.345730e-06	 3.067986e-06	-5.552490e-06	-3.720938e-06	 1.754375e-06	 1.218465e-06	 2.862834e-04	-8.641396e-03	-8.869370e-02	-8.804274e-06	 4.395545e-04	-5.869922e-05	 5.879203e-05	 2.937697e-03	 3.533312e-04	 1.425085e-03	 3.040868e-04	
-2.176486e-06	-4.311536e-05	-1.080777e-02	-7.555133e-05	-1.916610e-13	-1.614968e-05	 6.880490e-04	-3.040443e-04	 5.090667e-04	-2.336526e-05	-3.288867e-04	 1.198375e-03	 1.183564e-01	 8.068303e-02	 6.309732e-02	 1.495529e-01	 2.709624e-03	 6.751891e-04	 1.670775e-04	 1.121132e-03	-1.931112e-03	-1.950642e-05	-1.618236e-05	 9.084471e-05	-7.939863e-05	-2.396684e-05	 2.513874e-04	-7.060331e-07	 7.479882e-07	-6.001241e-06	-3.161370e-04	 3.776750e-06	 8.372431e-09	 7.647270e-06	 5.054164e-06	-2.962777e-06	 8.266840e-07	-6.572721e-07	-2.794073e-07	-5.904211e-05	-1.663658e-05	 1.316049e-06	 2.511853e-05	 4.512455e-06	 7.933395e-06	 2.458664e-06	-4.580643e-06	-6.297643e-06	-6.126610e-06	-8.958895e-05	 1.868599e-03	 1.969119e-02	 2.245044e-06	-1.191521e-04	 3.286903e-06	-3.307279e-06	-8.613696e-04	-7.508838e-04	-3.040585e-04	-5.091383e-04	
-5.672133e-05	-2.646389e-03	-5.760263e-01	-1.232550e-03	-4.239039e-11	-7.894521e-03	 3.304472e-02	-1.778204e-02	-2.336526e-05	 3.226907e+02	-1.333607e-01	 2.639926e+00	 1.673086e+02	 2.362437e+02	 4.597896e+02	-1.127922e+03	-1.566976e+00	 1.780811e+00	-4.870453e-01	-3.208005e+01	-1.049318e+02	 5.710338e-03	 3.625467e-03	 5.472630e-02	-3.123303e-02	-1.562997e-02	-6.222055e-02	-7.301134e-04	 1.362929e-03	 1.867038e-03	-1.829304e-02	 1.215548e-03	-9.968198e-05	-2.326792e-03	 8.275345e-04	-5.038090e-04	-1.356689e-03	 2.069188e-03	 1.819194e-03	-1.980713e-02	-5.446248e-03	 1.349560e-03	 1.782223e-03	 1.354891e-03	 1.264981e-03	-4.838558e-04	 2.698980e-03	 9.681382e-04	-1.340206e-03	-1.974600e-02	 1.108424e-01	 1.156794e+00	-1.583950e-04	-1.281735e-02	-2.448295e-04	 2.436734e-04	-5.307653e-02	 6.988614e-03	-1.780589e-02	 8.997748e-06	
 8.686665e-07	 1.790734e-05	-2.695757e-04	 3.041311e-05	 5.997176e-13	 9.601810e-05	-1.030902e-03	 8.700650e-05	-3.288867e-04	-1.333607e-01	 8.262749e-02	 2.435227e-02	-5.144714e-01	 1.779280e+00	 2.762050e+00	 3.462181e-02	-2.482563e-02	-3.951668e-02	 1.257368e-02	 7.686084e-02	 1.057252e-01	-3.895255e-04	-2.724226e-04	-9.182602e-05	 2.850384e-04	 1.341467e-04	-1.382079e-03	-3.234336e-06	 4.134622e-06	 1.945467e-05	 1.224966e-05	-1.788438e-05	-1.076513e-06	-6.825239e-06	-4.953821e-05	-5.169978e-06	 2.632710e-05	-2.563115e-05	 1.148606e-04	 3.680284e-04	-9.680589e-06	 6.317730e-05	 1.576497e-05	 3.570941e-05	 3.302046e-05	 7.407379e-05	 6.773265e-05	 4.769304e-05	 8.730453e-05	 2.815849e-04	-4.077144e-04	-6.573457e-03	-1.994463e-06	 1.589691e-04	 3.579122e-05	-3.579171e-05	 6.629182e-04	 3.933545e-04	 8.692231e-05	 3.316692e-04	
-2.372106e-05	-4.504877e-04	-1.520378e-01	-7.715783e-04	-2.491104e-12	-5.194566e-04	 9.210846e-03	-3.623776e-03	 1.198375e-03	 2.639926e+00	 2.435227e-02	 4.558918e+00	-3.485233e+01	 1.592855e+00	 2.925671e+01	-5.878684e+00	-3.470953e+00	-1.176095e-01	 1.981606e-01	 6.569600e-01	 1.797090e-01	 2.302431e-03	-1.165254e-03	 8.032431e-03	-4.000879e-03	-5.174689e-03	-2.761350e-03	 1.267129e-04	-3.187906e-05	 1.919548e-04	-4.294456e-03	-4.215457e-04	-1.061760e-05	 3.538363e-05	-5.639422e-05	 1.531211e-04	 8.199538e-05	 3.789564e-04	 6.856369e-04	 1.089763e-03	 1.843369e-03	 1.122975e-03	 4.342741e-04	 4.589368e-04	 1.466743e-04	-1.281520e-04	 1.647104e-04	 1.198263e-04	 1.927969e-04	-1.159410e-03	 2.263726e-02	 2.219540e-01	 2.310429e-05	-1.176034e-03	 3.520800e-04	-3.524146e-04	-1.158722e-02	 5.099864e-04	-3.625933e-03	-1.198471e-03	
-5.274624e-04	 2.382572e-02	 2.515152e+00	 2.569474e-03	-4.601033e-11	-2.449508e-02	 2.602361e-01	 1.200334e-01	 1.183564e-01	 1.673086e+02	-5.144714e-01	-3.485233e+01	 7.938613e+03	 3.258799e+03	 1.208722e+03	 6.044762e+00	 2.963499e+01	-1.397274e+01	 4.008634e+00	 2.450588e+01	 2.389235e+01	 2.853632e-03	 1.644559e-02	 2.735439e-01	 1.575171e-01	 3.294861e-02	-4.178368e-01	 1.024486e-02	 5.231185e-04	 5.914878e-03	 8.003778e-02	 2.152621e-02	 1.072945e-03	 2.882300e-02	-2.368813e-02	-1.039581e-03	-2.251532e-03	-3.394101e-03	 3.515014e-02	-1.722427e-01	 4.149105e-03	-3.726654e-02	 5.563691e-03	 9.408067e-04	-5.271506e-03	-1.134697e-02	 1.636371e-03	-5.523184e-03	-6.372461e-03	-2.150070e-02	-7.136983e-01	-8.772670e+00	 2.579812e-04	 3.398425e-02	 2.309608e-02	-2.309328e-02	 5.847879e-02	-1.441050e-01	 1.200439e-01	-1.169867e-01	
-3.463668e-04	 2.598181e-02	 4.258609e+00	 2.883823e-02	-6.352053e-11	-2.855922e-02	-8.632270e-03	 1.514136e-01	 8.068303e-02	 2.362437e+02	 1.779280e+00	 1.592855e+00	 3.258799e+03	 7.028931e+03	 3.743785e+03	 5.268133e+02	-6.138916e+00	 9.462254e+00	-2.183593e+01	 4.325087e+01	 7.052610e+01	 8.026224e-03	-1.071893e-01	 3.561661e-01	-2.031100e-01	 9.238310e-03	 5.947770e-01	-9.951871e-03	-1.308966e-03	 4.649871e-03	 1.279844e-01	 3.873712e-03	 5.637572e-04	 1.728825e-02	-1.164844e-02	 1.876639e-03	 5.157971e-03	 2.584267e-03	 7.110446e-03	-2.342185e-01	 1.089791e-02	-3.624825e-02	 4.964431e-02	 9.659120e-03	 4.543056e-03	 2.982976e-03	-6.244968e-03	-7.818469e-03	-9.666352e-03	-2.913952e-02	-9.053780e-01	-1.023385e+01	 3.495599e-04	 3.799017e-02	 1.361090e-02	-1.360584e-02	 2.563915e-01	-1.425016e-01	 1.513052e-01	-7.982312e-02	
 7.063450e-05	 9.738900e-03	 1.040414e+00	 1.122615e-02	-8.269789e-11	-2.939202e-02	-2.251903e-01	 4.290076e-02	 6.309732e-02	 4.597896e+02	 2.762050e+00	 2.925671e+01	 1.208722e+03	 3.743785e+03	 6.572837e+03	 3.139262e+03	-2.387384e+01	 6.570419e+00	-2.985390e+00	-8.774804e+01	-1.369288e+02	 7.976200e-02	-9.531452e-02	 2.758705e-01	-8.102938e-02	 6.522634e-02	 1.887036e-01	-4.901130e-03	-1.127526e-05	 1.042593e-02	 2.451720e-02	 8.854093e-04	-5.323244e-04	 1.412356e-02	 7.329194e-03	-6.324008e-03	 3.667142e-03	-1.105194e-02	 1.932158e-02	-1.610893e-01	-8.559192e-04	-3.237663e-02	 1.513537e-02	 1.676621e-02	 1.148121e-02	 8.292265e-03	 9.331291e-03	-1.687035e-03	 1.500082e-02	-3.828092e-02	-2.748800e-01	-3.431632e+00	 6.501778e-05	 1.493048e-03	 9.589163e-03	-9.589114e-03	 1.490555e-01	-1.621249e-01	 4.280202e-02	-6.246306e-02	
 1.737410e-04	 4.060004e-03	 1.726251e+00	-7.276400e-03	 7.149452e-11	 9.873633e-03	-1.963040e-01	 2.335754e-02	 1.495529e-01	-1.127922e+03	 3.462181e-02	-5.878684e+00	 6.044762e+00	 5.268133e+02	 3.139262e+03	 1.213010e+04	 4.651164e+00	-6.469143e-01	 9.431392e+00	 4.391581e+01	 1.265807e+02	 1.311151e-01	-3.849657e-02	-1.720560e-01	 6.250989e-02	 1.253780e-01	 7.499245e-01	 3.690964e-04	-1.093256e-03	 4.788022e-03	 2.940345e-02	-1.124321e-02	 5.426035e-05	 1.164566e-02	 8.762860e-04	-8.423098e-03	 1.776895e-03	-2.394523e-02	 8.647387e-03	-4.608208e-02	-1.732808e-02	-2.138859e-02	-8.133464e-03	 1.014889e-02	-3.680060e-04	 1.273236e-02	 4.525743e-03	-6.233332e-03	 2.255939e-02	 3.297059e-02	-2.055639e-01	-1.669483e+00	 9.744388e-04	 1.301944e-02	-7.042729e-03	 7.045660e-03	 8.689303e-02	-3.019683e-01	 2.339528e-02	-1.493660e-01	
-2.014538e-06	 1.020856e-04	 1.256249e-01	 1.726806e-04	-1.879907e-12	-4.096392e-04	 8.094417e-03	 1.753449e-03	 2.709624e-03	-1.566976e+00	-2.482563e-02	-3.470953e+00	 2.963499e+01	-6.138916e+00	-2.387384e+01	 4.651164e+00	 7.015984e+00	 1.058838e-01	 2.251107e-02	-6.180774e-01	-4.972646e-01	 8.912935e-05	 1.893246e-03	-1.156803e-02	 3.063995e-03	 8.159434e-04	 7.169074e-03	-7.936611e-05	 2.204369e-05	-1.401666e-04	 3.241316e-03	-9.564929e-05	 1.341059e-05	-4.176989e-04	-1.472747e-04	-1.841076e-04	-6.803307e-05	-2.710785e-04	-6.462581e-04	 4.500379e-04	-1.124243e-03	-1.412470e-03	-4.136745e-04	-3.770890e-04	-3.420150e-05	-4.124691e-04	-1.086783e-04	-1.025768e-04	-2.115412e-05	-8.994015e-04	-1.171534e-02	-8.027575e-02	-2.405946e-05	-4.855622e-04	-8.509355e-04	 8.512176e-04	-1.624899e-03	-3.427274e-03	 1.753517e-03	-2.679423e-03	
-7.800083e-06	-3.531441e-04	-9.698762e-02	-2.322633e-04	-1.072726e-12	 2.366866e-04	-4.216154e-04	-2.422963e-03	 6.751891e-04	 1.780811e+00	-3.951668e-02	-1.176095e-01	-1.397274e+01	 9.462254e+00	 6.570419e+00	-6.469143e-01	 1.058838e-01	 3.485214e+00	 6.040914e-01	 4.716989e-01	 2.379805e-01	 3.009517e-04	 3.007452e-04	-2.850652e-03	-2.902776e-03	-7.354511e-03	-1.600425e-02	 1.382241e-04	 3.680911e-05	 6.284570e-05	-2.698765e-03	 2.491268e-05	-3.860984e-06	-7.163765e-04	-1.520405e-04	 1.050433e-04	 9.780360e-05	-1.267425e-04	-7.844858e-04	-7.273434e-04	 6.597347e-04	-8.243797e-05	 6.361355e-04	 1.001625e-04	 4.552296e-05	 4.807613e-04	-1.903341e-04	-6.068117e-05	-1.045783e-04	-4.911169e-04	 1.566014e-02	 1.586202e-01	 5.791959e-06	-7.375379e-04	 1.276300e-04	-1.277763e-04	-3.421361e-03	-1.266607e-03	-2.423466e-03	-6.798566e-04	
-1.490919e-06	-4.893187e-04	-1.190585e-01	-1.827449e-04	-3.048338e-12	-4.415533e-05	-2.307003e-04	-3.333496e-03	 1.670775e-04	-4.870453e-01	 1.257368e-02	 1.981606e-01	 4.008634e+00	-2.183593e+01	-2.985390e+00	 9.431392e+00	 2.251107e-02	 6.040914e-01	 3.236826e+00	 2.466651e+00	 2.200574e+00	-1.434579e-03	-7.796594e-04	-6.290265e-03	-6.130997e-05	-3.635471e-03	-9.382523e-03	-1.211704e-04	 1.631894e-05	-8.988773e-05	-3.613460e-03	 2.988758e-06	-1.435340e-06	-4.078236e-04	 1.679484e-04	 2.442217e-04	-9.537222e-05	-1.852410e-05	-2.168848e-04	 2.535998e-03	-8.857444e-05	-3.196819e-04	-4.716690e-04	 9.573400e-05	 1.215611e-04	 1.810920e-04	 1.224345e-04	-1.322379e-04	-2.360999e-04	-1.431157e-03	 2.037942e-02	 2.109791e-01	-2.570109e-07	-1.328045e-03	 5.833382e-05	-5.854660e-05	-5.439474e-03	-4.270443e-04	-3.332678e-03	-1.635131e-04	
 2.002825e-05	 9.331477e-04	 1.760473e-01	 1.040384e-03	 6.281595e-12	 9.787985e-04	-9.991346e-03	 6.040746e-03	 1.121132e-03	-3.208005e+01	 7.686084e-02	 6.569600e-01	 2.450588e+01	 4.325087e+01	-8.774804e+01	 4.391581e+01	-6.180774e-01	 4.716989e-01	 2.466651e+00	 1.776236e+01	 3.230317e+01	-4.156341e-03	-5.315671e-04	-8.894325e-04	 7.773446e-03	-3.319499e-03	 2.939540e-02	 3.931592e-05	 3.253104e-04	-1.241795e-04	 5.422874e-03	-5.891796e-04	 4.046841e-05	-2.945852e-04	-5.505768e-04	 1.406638e-05	-2.329695e-04	-2.369361e-04	-1.258007e-03	-1.517196e-03	 2.578180e-03	-1.803381e-03	-1.748829e-03	 4.626457e-04	 2.492656e-04	 7.889676e-04	-2.041667e-04	-2.407731e-04	-1.305739e-03	 2.913345e-03	-3.598795e-02	-4.002774e-01	-2.237239e-05	 2.910937e-03	 3.444101e-04	-3.441123e-04	 1.664103e-02	-3.888802e-03	 6.044417e-03	-1.098319e-03	
 4.275406e-05	 2.970038e-03	 4.469665e-01	 2.416332e-03	 2.197504e-11	 2.627362e-03	-3.354785e-02	 1.752957e-02	-1.931112e-03	-1.049318e+02	 1.057252e-01	 1.797090e-01	 2.389235e+01	 7.052610e+01	-1.369288e+02	 1.265807e+02	-4.972646e-01	 2.379805e-01	 2.200574e+00	 3.230317e+01	 8.714028e+01	-8.067687e-03	-5.620318e-03	-2.347698e-03	 1.570940e-02	 7.655453e-03	 4.443970e-02	 2.123937e-04	 5.082874e-04	 1.370412e-04	 1.521087e-02	-6.612696e-04	 9.869404e-05	 4.236189e-04	-6.433106e-04	-3.509230e-04	 3.338837e-04	-8.629246e-04	-4.261630e-04	-2.617405e-03	 6.517056e-03	-5.455260e-03	-4.123244e-03	 5.979744e-04	 5.435868e-04	 1.071344e-03	-7.611308e-04	-1.080303e-04	-1.553993e-03	 1.024530e-02	-1.047630e-01	-1.204382e+00	 3.200002e-05	 9.909604e-03	 1.941399e-03	-1.940686e-03	 5.082396e-02	-3.421785e-03	 1.753924e-02	 1.963455e-03	
 6.414361e-08	 1.267306e-06	 1.229593e-03	 1.670016e-06	 1.060406e-15	-7.556083e-07	-5.502078e-05	 2.142068e-05	-1.950642e-05	 5.710338e-03	-3.895255e-04	 2.302431e-03	 2.853632e-03	 8.026224e-03	 7.976200e-02	 1.311151e-01	 8.912935e-05	 3.009517e-04	-1.434579e-03	-4.156341e-03	-8.067687e-03	 1.477446e-03	 3.137075e-04	 8.909112e-05	-3.042331e-04	-8.524374e-05	-9.813173e-05	 1.348409e-06	 3.270110e-07	 4.141472e-06	 3.831513e-05	-3.508781e-06	-7.792931e-08	-1.338871e-06	-3.892229e-07	-5.768892e-07	 3.857149e-06	-9.648202e-06	 5.576917e-06	-1.486559e-05	 2.268480e-05	-6.591350e-06	-1.766046e-05	-1.344504e-06	-4.062790e-06	-1.629690e-06	-1.266640e-06	-3.889955e-07	-5.560328e-06	 6.917463e-07	-1.290834e-04	-9.862263e-04	-2.495310e-07	-1.956783e-07	-7.337853e-06	 7.340241e-06	 7.049875e-05	 1.383747e-05	 2.144946e-05	 1.936490e-05	
 1.430429e-07	 4.821181e-06	 4.910472e-04	 6.940415e-06	 1.416190e-14	 1.926959e-06	-6.426751e-05	 2.611622e-05	-1.618236e-05	 3.625467e-03	-2.724226e-04	-1.165254e-03	 1.644559e-02	-1.071893e-01	-9.531452e-02	-3.849657e-02	 1.893246e-03	 3.007452e-04	-7.796594e-04	-5.315671e-04	-5.620318e-03	 3.137075e-04	 8.613090e-04	 6.527060e-05	 7.388604e-04	 5.518900e-06	-9.568543e-04	 5.072518e-07	 3.813901e-07	-1.086593e-06	 1.795073e-05	-2.072190e-06	-3.001977e-07	-9.254180e-07	-2.376499e-07	 1.416073e-07	-1.636802e-06	-2.749419e-06	 2.969352e-06	-1.448785e-05	 4.911668e-06	-2.852232e-06	-1.205593e-06	-1.339707e-06	-4.458095e-07	-1.817705e-06	-7.136757e-07	-1.383448e-06	 3.868598e-06	 6.558246e-06	-1.485139e-04	-1.894501e-03	-3.553277e-07	 1.256824e-05	 5.174815e-06	-5.175042e-06	 7.154485e-05	 2.457171e-05	 2.611199e-05	 1.623395e-05	
-2.809312e-07	 1.408665e-05	 2.111174e-03	 6.834518e-06	 1.024650e-13	 1.266265e-05	 1.380792e-05	 7.718727e-05	 9.084471e-05	 5.472630e-02	-9.182602e-05	 8.032431e-03	 2.735439e-01	 3.561661e-01	 2.758705e-01	-1.720560e-01	-1.156803e-02	-2.850652e-03	-6.290265e-03	-8.894325e-04	-2.347698e-03	 8.909112e-05	 6.527060e-05	 7.368030e-03	-2.911077e-04	 5.913749e-04	 4.855462e-03	-2.006414e-07	 7.709390e-07	-2.083676e-06	 8.181818e-05	 1.082352e-05	 2.924169e-07	-1.123508e-05	-4.107037e-06	-3.616878e-06	-6.526057e-06	 7.599430e-06	 1.149324e-05	-9.421578e-05	 6.254867e-05	 1.674847e-05	-4.254652e-05	 5.925868e-06	 6.025611e-06	-7.426836e-06	-2.984407e-07	 3.452712e-06	-1.189133e-05	 4.765968e-05	-4.764640e-04	-5.387431e-03	 9.572304e-07	 4.660277e-05	 9.014471e-06	-9.010012e-06	 1.383974e-04	-1.590117e-04	 7.728678e-05	-8.953071e-05	
 1.457829e-07	 1.532724e-05	 1.790205e-03	 1.187350e-05	 7.452607e-15	-9.152513e-06	-7.322798e-06	 8.838739e-05	-7.939863e-05	-3.123303e-02	 2.850384e-04	-4.000879e-03	 1.575171e-01	-2.031100e-01	-8.102938e-02	 6.250989e-02	 3.063995e-03	-2.902776e-03	-6.130997e-05	 7.773446e-03	 1.570940e-02	-3.042331e-04	 7.388604e-04	-2.911077e-04	 2.988683e-03	 4.634929e-04	-1.139779e-03	-2.284172e-08	 2.806161e-07	-2.975520e-06	 5.724491e-05	 1.587844e-07	 6.025831e-08	 1.126428e-05	 4.651998e-06	-1.822742e-06	-5.045176e-06	 4.850185e-07	-1.905278e-05	 8.628348e-05	-8.853246e-06	-3.642740e-07	 1.605524e-05	-1.052598e-06	 2.738495e-06	 6.982332e-06	 3.615562e-06	 9.043345e-07	 4.672718e-06	 3.542936e-06	-4.949861e-04	-6.155121e-03	-1.328544e-06	 3.002540e-05	 1.417062e-05	-1.416839e-05	 1.587962e-04	 1.500543e-04	 8.839177e-05	 7.940277e-05	
-4.461039e-07	-4.420854e-06	-3.060630e-03	-1.818428e-05	 5.303577e-14	 1.139509e-05	 1.388197e-04	-5.404823e-05	-2.396684e-05	-1.562997e-02	 1.341467e-04	-5.174689e-03	 3.294861e-02	 9.238310e-03	 6.522634e-02	 1.253780e-01	 8.159434e-04	-7.354511e-03	-3.635471e-03	-3.319499e-03	 7.655453e-03	-8.524374e-05	 5.518900e-06	 5.913749e-04	 4.634929e-04	 6.226813e-03	 8.049846e-03	-1.155306e-06	 2.725443e-07	-6.782658e-08	-8.537848e-05	-4.651274e-06	 7.185439e-07	-1.977916e-05	 1.414493e-05	-7.610439e-06	 7.264243e-06	-3.878713e-06	-2.846321e-06	 8.580237e-05	 3.002865e-05	 2.504168e-05	 3.483970e-05	-2.031703e-06	 2.441980e-06	 7.181383e-07	 3.534818e-06	 9.858246e-06	-1.482318e-05	 2.499881e-05	 3.549344e-04	 2.813425e-03	 1.100216e-07	 5.555919e-06	 1.675767e-05	-1.676233e-05	-1.718933e-04	 7.805514e-05	-5.399228e-05	 2.366438e-05	
-1.467132e-07	 6.884339e-05	 1.099915e-02	 7.881414e-05	 2.779174e-13	 1.567413e-05	-2.754657e-04	 4.229860e-04	 2.513874e-04	-6.222055e-02	-1.382079e-03	-2.761350e-03	-4.178368e-01	 5.947770e-01	 1.887036e-01	 7.499245e-01	 7.169074e-03	-1.600425e-02	-9.382523e-03	 2.939540e-02	 4.443970e-02	-9.813173e-05	-9.568543e-04	 4.855462e-03	-1.139779e-03	 8.049846e-03	 7.294798e-02	-4.135629e-06	 8.537456e-06	-2.035434e-05	 3.631479e-04	 9.653641e-06	 2.126885e-06	-2.732819e-05	-1.661558e-05	 3.664454e-06	 2.528778e-05	 1.648147e-05	-8.792890e-05	 1.679087e-04	 9.388019e-05	-1.579093e-06	 5.266369e-06	-7.076718e-06	-7.513550e-06	 1.687069e-05	-4.704019e-06	 2.350547e-05	-2.059360e-05	 1.308724e-04	-2.461118e-03	-2.846700e-02	-1.296549e-06	 1.885821e-04	 4.247000e-05	-4.244565e-05	 9.621157e-04	-5.096698e-04	 4.231146e-04	-2.507308e-04	
 1.426190e-09	-3.347537e-08	 1.186604e-06	-7.207588e-08	 1.230797e-15	 1.671224e-07	-5.146957e-07	-1.635410e-07	-7.060331e-07	-7.301134e-04	-3.234336e-06	 1.267129e-04	 1.024486e-02	-9.951871e-03	-4.901130e-03	 3.690964e-04	-7.936611e-05	 1.382241e-04	-1.211704e-04	 3.931592e-05	 2.123937e-04	 1.348409e-06	 5.072518e-07	-2.006414e-07	-2.284172e-08	-1.155306e-06	-4.135629e-06	 4.318959e-07	 1.052541e-08	 9.301428e-08	 6.757282e-08	-1.228591e-07	-3.232201e-09	 1.334344e-07	-9.557962e-08	-3.945437e-08	 1.546257e-08	-1.648038e-07	 9.000160e-08	 2.344035e-07	 6.360566e-07	 1.376504e-07	-9.476609e-08	-1.338782e-08	-6.773731e-09	-2.638456e-08	 7.342524e-08	 1.229305e-07	 1.220891e-07	 5.755064e-07	 8.135515e-07	 1.240101e-05	-1.695822e-09	 1.445963e-07	-7.300455e-08	 7.301070e-08	-2.402125e-07	 9.908592e-07	-1.627905e-07	 7.047472e-07	
-2.599110e-09	-9.761098e-08	-1.440932e-05	 1.164730e-08	-7.483468e-16	-8.540207e-08	 1.869140e-06	-6.291656e-07	 7.479882e-07	 1.362929e-03	 4.134622e-06	-3.187906e-05	 5.231185e-04	-1.308966e-03	-1.127526e-05	-1.093256e-03	 2.204369e-05	 3.680911e-05	 1.631894e-05	 3.253104e-04	 5.082874e-04	 3.270110e-07	 3.813901e-07	 7.709390e-07	 2.806161e-07	 2.725443e-07	 8.537456e-06	 1.052541e-08	 4.042174e-07	 9.124691e-09	-4.264240e-07	-2.223437e-08	 2.507687e-09	-3.442548e-08	 7.295513e-09	-1.752699e-07	 4.295878e-08	-1.422312e-08	 2.822860e-07	-1.775155e-07	 2.264479e-07	-4.059666e-08	 1.817692e-08	 5.278933e-08	 8.343551e-08	 5.860350e-08	-7.003056e-09	 1.956472e-08	 1.346775e-07	-3.501622e-07	 3.598276e-06	 4.153455e-05	-2.516839e-10	-3.017863e-07	-7.076914e-08	 7.073642e-08	-2.300581e-06	-8.637362e-07	-6.294036e-07	-7.383712e-07	
-2.840423e-08	-8.105741e-07	-1.896932e-04	-3.168987e-06	 8.880008e-15	-9.195751e-07	-7.202386e-06	-5.800128e-06	-6.001241e-06	 1.867038e-03	 1.945467e-05	 1.919548e-04	 5.914878e-03	 4.649871e-03	 1.042593e-02	 4.788022e-03	-1.401666e-04	 6.284570e-05	-8.988773e-05	-1.241795e-04	 1.370412e-04	 4.141472e-06	-1.086593e-06	-2.083676e-06	-2.975520e-06	-6.782658e-08	-2.035434e-05	 9.301428e-08	 9.124691e-09	 4.473321e-06	-6.027439e-06	-1.178859e-06	 7.234890e-09	 5.436424e-08	-2.289053e-07	 1.314985e-07	-3.478017e-07	-1.569740e-07	-1.287855e-07	-3.603705e-06	 1.036861e-06	-9.539032e-07	-5.391217e-08	 7.436871e-07	 4.361369e-07	 4.059600e-07	 2.381634e-06	 2.163927e-06	 1.493724e-06	 4.165074e-06	 3.577749e-05	 3.850136e-04	 6.585404e-08	-3.527790e-07	 8.403839e-09	-8.799017e-09	-8.783211e-06	 8.570228e-06	-5.799101e-06	 5.938045e-06	
 5.204668e-06	 1.994745e-04	 6.187773e-02	 2.947001e-04	 6.052901e-13	 1.412518e-05	-9.748710e-04	 1.541378e-03	-3.161370e-04	-1.829304e-02	 1.224966e-05	-4.294456e-03	 8.003778e-02	 1.279844e-01	 2.451720e-02	 2.940345e-02	 3.241316e-03	-2.698765e-03	-3.613460e-03	 5.422874e-03	 1.521087e-02	 3.831513e-05	 1.795073e-05	 8.181818e-05	 5.724491e-05	-8.537848e-05	 3.631479e-04	 6.757282e-08	-4.264240e-07	-6.027439e-06	 1.799854e-03	-7.538990e-07	-3.346924e-07	 6.051655e-06	 4.306903e-06	 7.267305e-06	-4.842176e-06	 1.046827e-06	-2.731271e-05	-1.541761e-05	 2.296707e-05	 9.375479e-06	 1.965896e-06	-1.657329e-06	 2.877308e-06	-9.077965e-06	-4.327438e-06	 2.551155e-06	 3.405595e-06	 2.834901e-04	-9.480171e-03	-9.407503e-02	-9.042395e-06	 4.353410e-04	-1.210544e-04	 1.211638e-04	 3.131643e-03	 3.410367e-04	 1.541408e-03	 3.161150e-04	
-4.367207e-09	 4.032346e-07	-6.729128e-05	-6.499499e-07	-3.669114e-15	 1.918192e-07	 9.310339e-06	 1.477558e-06	 3.776750e-06	 1.215548e-03	-1.788438e-05	-4.215457e-04	 2.152621e-02	 3.873712e-03	 8.854093e-04	-1.124321e-02	-9.564929e-05	 2.491268e-05	 2.988758e-06	-5.891796e-04	-6.612696e-04	-3.508781e-06	-2.072190e-06	 1.082352e-05	 1.587844e-07	-4.651274e-06	 9.653641e-06	-1.228591e-07	-2.223437e-08	-1.178859e-06	-7.538990e-07	 1.722424e-05	 6.457851e-08	-7.621027e-07	 2.589230e-07	-5.785762e-07	 5.270292e-08	 5.221009e-07	-2.164598e-07	 5.684055e-06	 1.286935e-07	-4.946921e-07	 3.740149e-07	-2.643830e-07	-7.014849e-07	 6.815479e-07	-1.563295e-06	-9.843290e-07	 2.069751e-07	-1.729142e-06	-6.004338e-06	-1.411188e-04	-4.804350e-08	 5.807424e-08	 1.306901e-06	-1.307139e-06	 2.412986e-06	-4.732314e-06	 1.473277e-06	-3.743968e-06	
-5.638220e-09	-4.110433e-08	-9.865211e-06	-1.667846e-07	-3.553192e-16	-1.021591e-07	 2.656508e-06	-4.292659e-07	 8.372431e-09	-9.968198e-05	-1.076513e-06	-1.061760e-05	 1.072945e-03	 5.637572e-04	-5.323244e-04	 5.426035e-05	 1.341059e-05	-3.860984e-06	-1.435340e-06	 4.046841e-05	 9.869404e-05	-7.792931e-08	-3.001977e-07	 2.924169e-07	 6.025831e-08	 7.185439e-07	 2.126885e-06	-3.232201e-09	 2.507687e-09	 7.234890e-09	-3.346924e-07	 6.457851e-08	 1.364649e-07	 2.710496e-09	-3.437587e-08	-1.219769e-08	-1.659464e-08	 8.875737e-08	-6.946089e-08	 6.764772e-07	 1.412820e-07	 1.517510e-07	 2.830950e-08	-1.429082e-07	-1.222434e-07	-5.615211e-08	 1.704232e-07	 1.920424e-07	 3.135618e-07	-1.635828e-07	 1.788984e-06	 2.429096e-05	 4.023745e-08	-8.050525e-08	-5.866774e-09	 5.859778e-09	-2.134883e-06	 5.397602e-07	-4.293704e-07	-9.887445e-09	
-1.279547e-07	 1.765964e-06	 1.622008e-04	 3.304095e-07	-7.847218e-15	-3.589542e-06	 2.562721e-05	 1.022262e-05	 7.647270e-06	-2.326792e-03	-6.825239e-06	 3.538363e-05	 2.882300e-02	 1.728825e-02	 1.412356e-02	 1.164566e-02	-4.176989e-04	-7.163765e-04	-4.078236e-04	-2.945852e-04	 4.236189e-04	-1.338871e-06	-9.254180e-07	-1.123508e-05	 1.126428e-05	-1.977916e-05	-2.732819e-05	 1.334344e-07	-3.442548e-08	 5.436424e-08	 6.051655e-06	-7.621027e-07	 2.710496e-09	 1.390064e-04	-1.418648e-07	-4.594528e-07	 1.570119e-06	 3.074640e-07	-4.829333e-06	-9.229464e-06	-4.467518e-06	 1.970861e-06	-5.386180e-07	-2.978179e-06	 6.298556e-07	-1.646839e-06	 6.357826e-07	 5.035295e-08	 8.666523e-07	-3.591230e-06	-5.157886e-05	-6.401387e-04	 4.611535e-08	 1.971780e-06	 1.854397e-06	-1.854471e-06	 8.336948e-06	-6.645203e-06	 1.021840e-05	-7.669851e-06	
-1.274929e-08	 4.043768e-07	 9.157688e-05	 4.121357e-07	 3.901689e-15	 6.459534e-07	 3.779021e-06	 2.993139e-06	 5.054164e-06	 8.275345e-04	-4.953821e-05	-5.639422e-05	-2.368813e-02	-1.164844e-02	 7.329194e-03	 8.762860e-04	-1.472747e-04	-1.520405e-04	 1.679484e-04	-5.505768e-04	-6.433106e-04	-3.892229e-07	-2.376499e-07	-4.107037e-06	 4.651998e-06	 1.414493e-05	-1.661558e-05	-9.557962e-08	 7.295513e-09	-2.289053e-07	 4.306903e-06	 2.589230e-07	-3.437587e-08	-1.418648e-07	 2.873358e-05	 9.074087e-07	-7.275889e-07	 2.529594e-07	 4.273052e-07	-5.214879e-06	 2.192389e-06	 8.537399e-07	-1.228251e-07	-3.138486e-07	 9.680813e-08	 7.007023e-07	-3.106343e-07	 2.926475e-07	 9.275062e-08	 1.841409e-06	-1.635408e-05	-1.760631e-04	-5.298007e-08	 1.325128e-06	-5.899431e-08	 5.916998e-08	 4.343977e-06	-8.370342e-06	 2.994327e-06	-5.084663e-06	
 2.082374e-08	 1.253750e-06	 2.637854e-04	 1.294807e-06	 5.219526e-15	 2.734578e-07	-1.222351e-05	 8.845181e-06	-2.962777e-06	-5.038090e-04	-5.169978e-06	 1.531211e-04	-1.039581e-03	 1.876639e-03	-6.324008e-03	-8.423098e-03	-1.841076e-04	 1.050433e-04	 2.442217e-04	 1.406638e-05	-3.509230e-04	-5.768892e-07	 1.416073e-07	-3.616878e-06	-1.822742e-06	-7.610439e-06	 3.664454e-06	-3.945437e-08	-1.752699e-07	 1.314985e-07	 7.267305e-06	-5.785762e-07	-1.219769e-08	-4.594528e-07	 9.074087e-07	 2.161101e-05	-6.732278e-07	-3.702033e-07	-1.144577e-06	 1.304414e-05	 2.920029e-07	-8.790033e-08	-1.102175e-06	 2.860594e-07	 1.425616e-07	 2.257245e-07	-6.019626e-07	 7.539000e-08	 1.140712e-06	 2.429996e-06	-5.023739e-05	-5.575509e-04	-1.028557e-07	 3.118503e-06	 2.641437e-07	-2.635047e-07	 2.210784e-05	 3.073008e-06	 8.844379e-06	 3.010588e-06	
-9.173407e-09	-2.370776e-07	-1.764483e-04	-2.567129e-07	-7.147397e-16	 1.024725e-07	-3.635508e-06	-3.190028e-06	 8.266840e-07	-1.356689e-03	 2.632710e-05	 8.199538e-05	-2.251532e-03	 5.157971e-03	 3.667142e-03	 1.776895e-03	-6.803307e-05	 9.780360e-05	-9.537222e-05	-2.329695e-04	 3.338837e-04	 3.857149e-06	-1.636802e-06	-6.526057e-06	-5.045176e-06	 7.264243e-06	 2.528778e-05	 1.546257e-08	 4.295878e-08	-3.478017e-07	-4.842176e-06	 5.270292e-08	-1.659464e-08	 1.570119e-06	-7.275889e-07	-6.732278e-07	 1.234264e-05	 1.231413e-07	-2.534781e-09	 4.746712e-07	 1.130688e-06	-1.018300e-07	-3.581174e-07	-2.847122e-07	-2.175969e-07	-4.297008e-07	-3.256198e-07	-3.672537e-08	 4.878114e-07	-3.267368e-07	 1.963401e-05	 1.590711e-04	 4.633880e-08	-1.795556e-07	 9.669162e-07	-9.672314e-07	-3.862880e-06	-1.700720e-06	-3.188265e-06	-8.403023e-07	
-2.445702e-09	 1.429083e-07	 5.389588e-05	 3.144086e-07	 5.365945e-15	 1.362314e-06	-3.643224e-06	 1.449424e-06	-6.572721e-07	 2.069188e-03	-2.563115e-05	 3.789564e-04	-3.394101e-03	 2.584267e-03	-1.105194e-02	-2.394523e-02	-2.710785e-04	-1.267425e-04	-1.852410e-05	-2.369361e-04	-8.629246e-04	-9.648202e-06	-2.749419e-06	 7.599430e-06	 4.850185e-07	-3.878713e-06	 1.648147e-05	-1.648038e-07	-1.422312e-08	-1.569740e-07	 1.046827e-06	 5.221009e-07	 8.875737e-08	 3.074640e-07	 2.529594e-07	-3.702033e-07	 1.231413e-07	 3.098662e-05	-3.352578e-06	 1.057005e-06	-2.554463e-06	 8.319950e-08	 3.215292e-06	 7.585776e-07	 2.467308e-07	-6.541427e-07	-1.234403e-07	 1.796997e-07	 1.653634e-06	 2.527385e-06	-8.445487e-06	-7.232552e-05	 5.179337e-08	 1.404793e-06	-1.611201e-07	 1.614234e-07	 5.928365e-06	 5.110964e-08	 1.448289e-06	 6.320442e-07	
-9.125955e-08	-1.786000e-06	-9.368939e-04	-3.267918e-06	 1.721322e-14	 5.407013e-06	-2.534499e-07	-1.838124e-05	-2.794073e-07	 1.819194e-03	 1.148606e-04	 6.856369e-04	 3.515014e-02	 7.110446e-03	 1.932158e-02	 8.647387e-03	-6.462581e-04	-7.844858e-04	-2.168848e-04	-1.258007e-03	-4.261630e-04	 5.576917e-06	 2.969352e-06	 1.149324e-05	-1.905278e-05	-2.846321e-06	-8.792890e-05	 9.000160e-08	 2.822860e-07	-1.287855e-07	-2.731271e-05	-2.164598e-07	-6.946089e-08	-4.829333e-06	 4.273052e-07	-1.144577e-06	-2.534781e-09	-3.352578e-06	 2.093385e-04	 6.264090e-05	 6.010840e-06	 5.596668e-07	-3.084049e-06	-1.615065e-06	-5.065982e-07	-1.935250e-06	-2.604576e-06	-1.110659e-06	-1.028989e-06	 8.057194e-06	 1.167514e-04	 1.014929e-03	 9.252109e-08	 1.397659e-06	 4.024557e-06	-4.025942e-06	-3.413027e-05	 1.524270e-06	-1.837962e-05	 1.502873e-07	
-3.387895e-07	 2.450725e-06	-1.098126e-03	 1.176573e-06	 1.506710e-14	 7.085979e-06	-2.145875e-05	 1.020988e-05	-5.904211e-05	-1.980713e-02	 3.680284e-04	 1.089763e-03	-1.722427e-01	-2.342185e-01	-1.610893e-01	-4.608208e-02	 4.500379e-04	-7.273434e-04	 2.535998e-03	-1.517196e-03	-2.617405e-03	-1.486559e-05	-1.448785e-05	-9.421578e-05	 8.628348e-05	 8.580237e-05	 1.679087e-04	 2.344035e-07	-1.775155e-07	-3.603705e-06	-1.541761e-05	 5.684055e-06	 6.764772e-07	-9.229464e-06	-5.214879e-06	 1.304414e-05	 4.746712e-07	 1.057005e-06	 6.264090e-05	 4.647928e-03	 7.085686e-05	 8.144588e-06	-2.264964e-06	-1.504772e-05	-9.401901e-06	-2.559531e-05	-4.594880e-06	-4.735151e-07	-2.577813e-06	 6.940237e-06	 1.128656e-05	-6.545274e-04	-2.620068e-07	 1.299855e-05	 1.323428e-05	-1.323887e-05	 6.633767e-05	 1.060078e-04	 1.022443e-05	 5.955332e-05	
 4.020963e-08	 2.719573e-06	 8.245887e-04	 3.272705e-06	 2.345728e-14	 1.960944e-06	 1.979967e-05	 2.255035e-05	-1.663658e-05	-5.446248e-03	-9.680589e-06	 1.843369e-03	 4.149105e-03	 1.089791e-02	-8.559192e-04	-1.732808e-02	-1.124243e-03	 6.597347e-04	-8.857444e-05	 2.578180e-03	 6.517056e-03	 2.268480e-05	 4.911668e-06	 6.254867e-05	-8.853246e-06	 3.002865e-05	 9.388019e-05	 6.360566e-07	 2.264479e-07	 1.036861e-06	 2.296707e-05	 1.286935e-07	 1.412820e-07	-4.467518e-06	 2.192389e-06	 2.920029e-07	 1.130688e-06	-2.554463e-06	 6.010840e-06	 7.085686e-05	 4.137477e-04	 9.452989e-06	 4.828561e-06	-2.969836e-07	-3.262042e-06	 6.969880e-07	-9.368374e-07	 6.247840e-07	 6.750001e-06	 1.094263e-05	-1.310972e-04	-1.324002e-03	-1.514424e-07	 9.278298e-06	-1.355197e-06	 1.357002e-06	 3.303062e-05	 3.589189e-05	 2.254722e-05	 1.681883e-05	
 3.685217e-08	 5.395396e-07	 3.748756e-04	 8.769585e-07	 9.093141e-15	 2.637441e-06	 1.472859e-05	 5.664450e-06	 1.316049e-06	 1.349560e-03	 6.317730e-05	 1.122975e-03	-3.726654e-02	-3.624825e-02	-3.237663e-02	-2.138859e-02	-1.412470e-03	-8.243797e-05	-3.196819e-04	-1.803381e-03	-5.455260e-03	-6.591350e-06	-2.852232e-06	 1.674847e-05	-3.642740e-07	 2.504168e-05	-1.579093e-06	 1.376504e-07	-4.059666e-08	-9.539032e-07	 9.375479e-06	-4.946921e-07	 1.517510e-07	 1.970861e-06	 8.537399e-07	-8.790033e-08	-1.018300e-07	 8.319950e-08	 5.596668e-07	 8.144588e-06	 9.452989e-06	 1.402590e-04	-1.077631e-05	-4.496029e-07	-4.769777e-07	 1.315875e-06	 5.935264e-07	 2.033612e-06	 5.014831e-06	 4.380592e-06	-4.082364e-05	-3.225554e-04	-3.242529e-08	 2.123464e-06	-1.986685e-06	 1.987527e-06	-2.351105e-06	 1.018167e-06	 5.667766e-06	-1.311554e-06	
-1.554226e-07	 9.081492e-07	 3.097795e-05	-2.208192e-06	-1.951448e-14	-5.635847e-06	 7.020778e-05	 5.270893e-06	 2.511853e-05	 1.782223e-03	 1.576497e-05	 4.342741e-04	 5.563691e-03	 4.964431e-02	 1.513537e-02	-8.133464e-03	-4.136745e-04	 6.361355e-04	-4.716690e-04	-1.748829e-03	-4.123244e-03	-1.766046e-05	-1.205593e-06	-4.254652e-05	 1.605524e-05	 3.483970e-05	 5.266369e-06	-9.476609e-08	 1.817692e-08	-5.391217e-08	 1.965896e-06	 3.740149e-07	 2.830950e-08	-5.386180e-07	-1.228251e-07	-1.102175e-06	-3.581174e-07	 3.215292e-06	-3.084049e-06	-2.264964e-06	 4.828561e-06	-1.077631e-05	 3.987300e-04	 2.481686e-06	-2.766331e-07	-1.173445e-06	-8.801604e-07	 9.252517e-07	 2.191813e-06	-9.020920e-06	-2.279590e-05	-3.173437e-04	-1.100824e-07	-2.907188e-06	 1.160417e-06	-1.160379e-06	-2.494987e-05	-2.836735e-05	 5.259669e-06	-2.504850e-05	
-4.193721e-08	 3.313545e-07	-5.000977e-05	-1.107374e-06	-6.270923e-15	-2.794675e-06	 5.853635e-06	 1.345730e-06	 4.512455e-06	 1.354891e-03	 3.570941e-05	 4.589368e-04	 9.408067e-04	 9.659120e-03	 1.676621e-02	 1.014889e-02	-3.770890e-04	 1.001625e-04	 9.573400e-05	 4.626457e-04	 5.979744e-04	-1.344504e-06	-1.339707e-06	 5.925868e-06	-1.052598e-06	-2.031703e-06	-7.076718e-06	-1.338782e-08	 5.278933e-08	 7.436871e-07	-1.657329e-06	-2.643830e-07	-1.429082e-07	-2.978179e-06	-3.138486e-07	 2.860594e-07	-2.847122e-07	 7.585776e-07	-1.615065e-06	-1.504772e-05	-2.969836e-07	-4.496029e-07	 2.481686e-06	 2.090452e-05	 1.030560e-05	 1.033073e-05	 3.950923e-06	 3.743831e-06	 3.711255e-06	-2.943292e-06	-3.593609e-06	-9.439014e-05	 3.706778e-09	-7.783547e-07	 9.968985e-07	-9.970473e-07	 3.833121e-07	-6.080455e-06	 1.345758e-06	-4.498498e-06	
-4.566010e-08	 5.169062e-07	 7.421642e-05	-7.578306e-08	-5.606342e-15	-2.583853e-06	 1.087258e-05	 3.067986e-06	 7.933395e-06	 1.264981e-03	 3.302046e-05	 1.466743e-04	-5.271506e-03	 4.543056e-03	 1.148121e-02	-3.680060e-04	-3.420150e-05	 4.552296e-05	 1.215611e-04	 2.492656e-04	 5.435868e-04	-4.062790e-06	-4.458095e-07	 6.025611e-06	 2.738495e-06	 2.441980e-06	-7.513550e-06	-6.773731e-09	 8.343551e-08	 4.361369e-07	 2.877308e-06	-7.014849e-07	-1.222434e-07	 6.298556e-07	 9.680813e-08	 1.425616e-07	-2.175969e-07	 2.467308e-07	-5.065982e-07	-9.401901e-06	-3.262042e-06	-4.769777e-07	-2.766331e-07	 1.030560e-05	 2.048091e-05	 1.076559e-05	 2.983806e-06	 4.460575e-06	 4.463444e-06	-2.637332e-06	-1.707404e-05	-1.902489e-04	 6.787492e-08	-1.492269e-07	 3.200138e-07	-3.200598e-07	 8.564905e-07	-1.146860e-05	 3.068018e-06	-7.950926e-06	
-6.263403e-08	-6.521531e-07	-2.916574e-04	-1.926423e-06	-4.166378e-15	-1.181852e-06	 8.563683e-06	-5.552490e-06	 2.458664e-06	-4.838558e-04	 7.407379e-05	-1.281520e-04	-1.134697e-02	 2.982976e-03	 8.292265e-03	 1.273236e-02	-4.124691e-04	 4.807613e-04	 1.810920e-04	 7.889676e-04	 1.071344e-03	-1.629690e-06	-1.817705e-06	-7.426836e-06	 6.982332e-06	 7.181383e-07	 1.687069e-05	-2.638456e-08	 5.860350e-08	 4.059600e-07	-9.077965e-06	 6.815479e-07	-5.615211e-08	-1.646839e-06	 7.007023e-07	 2.257245e-07	-4.297008e-07	-6.541427e-07	-1.935250e-06	-2.559531e-05	 6.969880e-07	 1.315875e-06	-1.173445e-06	 1.033073e-05	 1.076559e-05	 3.866502e-05	 2.752439e-06	 3.174350e-06	 3.341096e-06	-1.936299e-06	 3.823766e-05	 3.501013e-04	 4.707029e-08	-1.859436e-06	 1.044208e-06	-1.044745e-06	-1.151538e-05	-2.887184e-06	-5.551052e-06	-2.488222e-06	
