#          omega_b,        omega_cdm,               H0,              n_s,              A_s,         tau_reio, scf_parameters__1,       f_axion_ac,   log10_axion_ac,        A_cib_217,        xi_sz_cib,             A_sz,     ps_A_100_100,     ps_A_143_143,     ps_A_143_217,     ps_A_217_217,         ksz_norm,     gal545_A_100,     gal545_A_143, gal545_A_143_217,     gal545_A_217,    galf_TE_A_100, galf_TE_A_100_143, galf_TE_A_100_217,    galf_TE_A_143, galf_TE_A_143_217,    galf_TE_A_217,       calib_100T,       calib_217T,         A_planck,              yp2,            Kappa, Dl_Poisson_90x90, Dl_Poisson_90x150, Dl_Poisson_90x220, Dl_Poisson_150x150, Dl_Poisson_150x220, Dl_Poisson_220x220,     ADust_TE_150,     AlphaDust_TE,     ADust_EE_150,     AlphaDust_EE,        MapTcal90,       MapTcal150,       MapTcal220,        MapPcal90,       MapPcal150,       MapPcal220,     ln10^{10}A_s,              age,           rs_rec,      100*theta_s,           sigma8,          Omega_m,     Omega_Lambda,    log10_f_axion,    log10_m_axion,            f_ede,        log10_z_c
 2.991169e-08	 3.109453e-07	 1.284941e-04	 6.786888e-07	 1.094016e-15	 9.048969e-08	-7.553292e-06	 2.658463e-06	-1.985080e-06	 1.412918e-05	 9.828376e-07	-5.512305e-05	 1.227102e-03	-4.062762e-04	-2.525974e-03	-1.822138e-03	 4.774041e-06	-9.812798e-06	-1.143142e-05	 2.398401e-05	 6.965721e-05	 6.134646e-07	 1.633337e-08	-1.155203e-06	-5.727971e-09	 1.237624e-06	-6.286283e-06	 6.714698e-10	 1.308970e-08	 1.693944e-08	 4.456023e-08	-9.309785e-10	 3.635544e-08	 5.315146e-08	-6.872233e-08	-5.120334e-08	 3.044930e-08	-2.602668e-07	 7.066031e-07	 1.576944e-07	-1.643869e-07	 5.240283e-07	-3.711931e-09	-1.439351e-07	-1.225091e-07	 1.008068e-07	-3.302662e-09	 1.191817e-07	 5.048107e-07	-1.770791e-05	-1.662747e-04	-1.335606e-08	 6.868900e-07	-3.824391e-07	 3.826653e-07	 8.628329e-06	 1.516079e-06	 2.659413e-06	 1.986860e-06	
 3.109453e-07	 2.804971e-05	 8.058435e-03	 3.530444e-05	 1.049278e-13	 5.979829e-06	 2.130767e-05	 2.094076e-04	-2.341273e-05	 2.467336e-04	-1.468225e-04	-6.087055e-04	 3.412715e-02	-7.448347e-02	-6.515066e-02	-5.302590e-02	 2.913843e-04	-6.277030e-04	 1.451905e-03	-1.985317e-04	 1.261705e-03	 2.818081e-05	 3.324962e-06	-4.355020e-05	-1.528270e-05	 1.488968e-05	-1.266083e-05	-3.784907e-07	 3.262863e-07	-2.234617e-06	-1.713490e-06	 7.410164e-08	-2.955434e-07	-4.153118e-06	 1.858766e-06	-4.803858e-07	-4.320068e-07	 6.628898e-07	-2.902047e-06	-1.418454e-05	-2.146811e-06	-2.171527e-07	 3.698660e-06	 5.102799e-06	 1.081492e-06	 2.464883e-06	 6.890147e-07	 4.089594e-07	 4.900412e-05	-1.270214e-03	-1.290088e-02	-1.184670e-06	 6.737096e-05	-1.119806e-05	 1.121189e-05	 3.459695e-04	 4.737055e-05	 2.093941e-04	 2.343701e-05	
 1.284941e-04	 8.058435e-03	 3.317888e+00	 1.426808e-02	 3.453697e-11	 3.623895e-03	 2.774273e-02	 7.146189e-02	-5.599982e-03	-2.074000e-01	-3.082127e-02	-2.194759e-01	 1.066084e+01	-1.784048e+01	-2.254832e+01	-1.420506e+01	 1.419248e-01	-2.008527e-01	 3.438886e-01	 2.691920e-02	 1.957536e-01	 8.012029e-03	 2.222289e-03	-1.874182e-02	-2.913721e-03	 4.109120e-03	-3.230016e-02	-9.362160e-05	 8.936041e-05	-8.656430e-04	-2.761141e-04	 7.670864e-06	-4.830262e-05	-1.159152e-03	 4.952333e-04	-3.045680e-04	 7.913174e-05	-7.233513e-04	 3.725116e-03	-2.771584e-03	-5.130943e-04	 5.219961e-04	 8.722332e-04	 1.320497e-03	-2.886102e-04	 3.142917e-04	-2.580560e-04	-3.116345e-04	 1.611394e-02	-4.437342e-01	-4.094334e+00	-3.494284e-04	 1.899201e-02	-1.099944e-02	 1.100518e-02	 1.064706e-01	 1.283440e-02	 7.145293e-02	 5.604190e-03	
 6.786888e-07	 3.530444e-05	 1.426808e-02	 8.320654e-05	 1.859507e-13	 2.804695e-05	 8.050371e-05	 3.125468e-04	-5.672057e-05	-2.871043e-03	 7.259958e-05	-7.037172e-04	 6.412810e-03	-1.348686e-01	-1.535382e-01	-9.798296e-02	 4.787424e-04	-2.394513e-03	 9.196442e-04	-3.401957e-04	-2.917534e-03	 1.822405e-05	 1.638411e-05	-1.161635e-04	-1.295353e-05	-4.126727e-05	-3.910623e-04	-4.069597e-07	 4.572244e-07	-8.594040e-06	 9.822038e-07	-2.398126e-07	-8.489847e-07	-3.439978e-06	 4.466948e-06	-5.345897e-07	 1.667953e-07	 8.328180e-06	 1.669626e-05	-1.794548e-05	 9.444090e-07	-6.840540e-06	 3.631295e-06	 5.407841e-06	-4.452859e-06	 6.530576e-08	 3.073311e-07	-8.210209e-06	 8.682287e-05	-1.928960e-03	-1.793910e-02	-1.756310e-06	 9.773253e-05	-4.583664e-05	 4.586130e-05	 4.895530e-04	 1.063277e-04	 3.125124e-04	 5.679721e-05	
 1.094016e-15	 1.049278e-13	 3.453697e-11	 1.859507e-13	 1.534673e-21	 2.918945e-13	 4.308892e-13	 8.368035e-13	-5.104128e-14	-8.568771e-11	 2.553103e-13	-6.249014e-13	-6.782323e-11	-6.121422e-10	-5.595851e-10	 7.763728e-11	-3.670740e-12	-4.981380e-12	-2.531568e-12	 5.007894e-12	 2.150838e-11	 5.186074e-14	 1.251249e-13	-1.045975e-13	-2.879019e-14	-6.541853e-14	-1.434293e-12	-8.628252e-16	 5.296610e-15	-2.182118e-14	-1.019560e-14	-9.120573e-16	 3.084107e-14	-1.110091e-14	 2.960303e-15	 1.495017e-14	 1.027372e-14	 4.299548e-14	 8.680140e-14	-5.405779e-14	-4.619448e-14	-3.382316e-14	 3.145320e-14	 1.940293e-14	-2.526101e-14	 2.129064e-14	 1.938744e-14	-1.962376e-15	 7.166093e-13	-5.106485e-12	-5.005988e-11	-4.563991e-15	 4.846670e-13	-7.657754e-14	 7.663803e-14	 1.192313e-12	 1.823897e-13	 8.366771e-13	 5.144332e-14	
 9.048969e-08	 5.979829e-06	 3.623895e-03	 2.804695e-05	 2.918945e-13	 6.962505e-05	 9.434066e-05	 6.823180e-05	 5.740127e-06	-2.309548e-02	 2.209253e-04	 3.783294e-04	-3.384599e-02	-9.910646e-02	-1.148720e-01	 5.058755e-02	-1.079417e-03	-1.378899e-03	-1.636161e-03	 2.145774e-03	 3.958078e-03	-8.429665e-06	 3.351007e-05	-1.245823e-05	 8.460498e-06	-3.030860e-05	-4.346801e-04	 1.829310e-08	 9.731297e-07	-7.493741e-06	 8.836605e-07	-3.760469e-07	 7.029767e-06	 8.103487e-08	 4.767799e-07	 3.492988e-06	 2.692116e-06	 1.105880e-05	 3.393549e-05	 1.811967e-07	-8.417115e-06	-8.130863e-06	 4.060180e-06	 7.285911e-07	-8.486515e-06	 1.793214e-07	 1.502808e-06	-5.522825e-06	 1.362883e-04	-4.244696e-04	-3.544260e-03	-4.085003e-07	 6.943955e-05	-1.730939e-05	 1.731597e-05	 6.691314e-05	 5.665549e-06	 6.820956e-05	-5.654921e-06	
-7.553292e-06	 2.130767e-05	 2.774273e-02	 8.050371e-05	 4.308892e-13	 9.434066e-05	 6.274010e-03	 4.047958e-04	 5.421061e-04	-7.995803e-03	-5.889585e-04	 5.267811e-03	-3.183491e-02	-1.519977e-01	 4.287281e-01	 1.449550e-01	 1.868095e-02	 4.431002e-03	 9.991004e-03	-1.528175e-02	-3.007587e-02	-1.537165e-04	 9.142035e-06	-5.494097e-04	-1.533288e-04	-7.755271e-04	 3.208887e-04	 1.582542e-06	 1.166717e-06	-5.243055e-05	 5.656820e-06	 4.283699e-07	-2.512446e-05	-2.162328e-05	 3.780641e-05	 1.700992e-05	 1.400666e-05	 7.508789e-05	-2.857454e-04	-2.044386e-04	 9.388762e-05	-2.531376e-04	 4.426301e-06	 7.216501e-05	-1.456911e-05	-4.443326e-05	-1.723272e-05	-7.948577e-05	 2.031918e-04	-2.483143e-03	-1.528198e-02	-2.731636e-07	 1.110633e-04	-1.936440e-04	 1.936914e-04	-2.734873e-03	 4.523800e-04	 4.039682e-04	-5.428684e-04	
 2.658463e-06	 2.094076e-04	 7.146189e-02	 3.125468e-04	 8.368035e-13	 6.823180e-05	 4.047958e-04	 1.699791e-03	-1.616648e-04	-3.934749e-03	-1.015007e-03	-5.071739e-03	 2.474449e-01	-5.713547e-01	-5.877948e-01	-4.165975e-01	 2.767023e-03	-5.163541e-03	 1.031213e-02	-9.822742e-04	 6.394906e-03	 2.179676e-04	 4.968046e-05	-4.120002e-04	-9.635506e-05	 1.261020e-04	-5.279999e-04	-2.518169e-06	 2.269157e-06	-2.030380e-05	-9.536524e-06	 1.711409e-07	-3.082178e-06	-3.146815e-05	 1.565511e-05	-6.704876e-06	-8.304079e-07	-6.096114e-06	 5.460487e-05	-8.636131e-05	-1.334841e-05	-1.101212e-06	 2.517683e-05	 3.757878e-05	 1.951937e-07	 1.331292e-05	-1.071575e-06	-3.670466e-06	 3.906906e-04	-1.038604e-02	-1.008883e-01	-9.436475e-06	 4.998667e-04	-1.715534e-04	 1.716768e-04	 2.701991e-03	 3.467721e-04	 1.699628e-03	 1.617849e-04	
-1.985080e-06	-2.341273e-05	-5.599982e-03	-5.672057e-05	-5.104128e-14	 5.740127e-06	 5.421061e-04	-1.616648e-04	 6.473684e-04	-1.172173e-04	-3.155521e-04	 3.915100e-03	 1.706474e-01	-5.261115e-02	-7.119299e-02	 1.431602e-02	-1.295714e-03	-3.213479e-03	 1.155352e-03	 7.533611e-04	-2.878031e-03	-1.178346e-04	 9.789041e-07	 1.163854e-04	-7.759655e-05	 4.915165e-06	 2.326247e-04	-6.024110e-07	 1.312459e-06	-1.262098e-05	 1.249268e-06	 8.194047e-07	-9.277743e-06	-2.529314e-05	 7.930597e-06	 1.325593e-05	 6.652488e-06	 2.482876e-05	-7.236653e-05	-4.162556e-06	-8.637219e-06	-3.149160e-05	 1.109247e-05	 1.910648e-05	-1.871607e-07	-8.533955e-06	 2.282475e-06	-1.676152e-05	-2.372836e-05	 9.943474e-04	 1.077958e-02	 1.765684e-06	-6.166711e-05	-2.131826e-06	 2.121751e-06	-5.205276e-04	-1.025908e-03	-1.617461e-04	-6.475943e-04	
 1.412918e-05	 2.467336e-04	-2.074000e-01	-2.871043e-03	-8.568771e-11	-2.309548e-02	-7.995803e-03	-3.934749e-03	-1.172173e-04	 3.854288e+02	 3.368611e-01	 1.509039e-01	 3.559474e+02	 3.501077e+02	 5.038130e+02	-1.413379e+03	 8.633941e+00	 6.269340e+00	 3.049802e+00	-4.176065e+01	-1.248170e+02	-1.081483e-01	-1.775527e-01	-3.214495e-01	-1.880654e-01	 1.395080e-01	 6.334759e-01	 1.562830e-03	 3.161900e-04	 1.022982e-02	 1.250137e-02	-7.754075e-05	 1.072120e-03	-3.549033e-03	 3.092225e-03	-8.682785e-03	-6.666916e-03	-3.416551e-02	 1.284759e-03	-4.984356e-02	-2.603442e-02	 4.811651e-02	-4.708971e-03	-1.310180e-02	 2.541324e-02	-8.075478e-03	-7.959423e-03	 8.809570e-03	-3.964551e-02	 1.637237e-02	 4.101568e-02	-5.507083e-05	-1.639212e-02	 2.173105e-03	-2.174432e-03	-1.188189e-02	-4.293574e-03	-3.932167e-03	 1.114455e-04	
 9.828376e-07	-1.468225e-04	-3.082127e-02	 7.259958e-05	 2.553103e-13	 2.209253e-04	-5.889585e-04	-1.015007e-03	-3.155521e-04	 3.368611e-01	 7.221553e-02	-3.261200e-02	 2.867275e-01	 2.355584e+00	 1.417277e+00	-1.705366e+00	 2.717683e-02	-3.962933e-02	-5.055007e-02	-2.513469e-02	-2.147500e-01	-9.997192e-04	-4.637115e-04	-2.514026e-03	-5.501669e-04	-2.882290e-03	-1.030564e-02	 9.720820e-06	 1.311071e-05	-2.693160e-05	 1.456796e-04	-2.743325e-06	 8.468155e-06	 1.556840e-04	-8.928710e-05	 7.090680e-05	 4.409016e-05	 4.895912e-05	 3.365111e-04	-1.001563e-04	-1.674273e-04	 4.466069e-04	-1.947157e-05	-2.239615e-04	-9.431452e-05	-7.985214e-05	 7.552762e-06	-1.670290e-04	 1.172926e-04	 5.799440e-03	 6.379444e-02	 9.279281e-06	-1.264094e-04	-2.730650e-05	 2.724958e-05	-1.517426e-03	 2.444829e-04	-1.014418e-03	 3.154871e-04	
-5.512305e-05	-6.087055e-04	-2.194759e-01	-7.037172e-04	-6.249014e-13	 3.783294e-04	 5.267811e-03	-5.071739e-03	 3.915100e-03	 1.509039e-01	-3.261200e-02	 4.233064e+00	-3.967161e+01	-2.336848e+00	 3.158715e+01	 1.104826e+01	-3.154221e+00	 1.313724e-01	 2.963854e-01	 1.020058e+00	 7.128251e-01	-7.981122e-03	 3.443486e-03	 3.408103e-02	 8.967467e-03	 8.681702e-03	 1.169804e-01	 1.294899e-04	-1.758962e-04	-2.929472e-05	-1.404462e-03	-3.267205e-05	 1.737381e-03	-1.421049e-03	 1.571657e-03	 2.066459e-04	-1.004563e-03	 4.119809e-03	-6.237580e-03	-1.193470e-04	 1.788841e-04	-6.774744e-03	 7.796679e-04	 1.841903e-03	 2.243003e-03	-5.807141e-04	 8.266859e-05	-1.883081e-06	-2.629268e-04	 3.336383e-02	 3.221770e-01	 9.799223e-06	-1.074722e-03	 5.208512e-04	-5.212588e-04	-1.432684e-02	-4.828890e-03	-5.076271e-03	-3.917840e-03	
 1.227102e-03	 3.412715e-02	 1.066084e+01	 6.412810e-03	-6.782323e-11	-3.384599e-02	-3.183491e-02	 2.474449e-01	 1.706474e-01	 3.559474e+02	 2.867275e-01	-3.967161e+01	 8.812247e+03	 3.488055e+03	 8.163214e+02	-6.890355e+02	 1.037391e+01	-1.304917e+01	 1.360334e+01	 3.984959e+01	 5.041662e+00	 1.313031e-01	-2.102640e-01	-2.185164e+00	-4.358576e-01	 1.818221e+00	-2.780789e-01	 8.856806e-03	 5.020493e-03	-4.053359e-03	 3.523325e-02	 4.457951e-03	-6.166654e-02	-3.170594e-02	-1.375567e-02	-2.082718e-02	-4.265799e-02	-2.471372e-01	 3.535243e-01	 2.557940e-01	-2.708561e-02	 4.063735e-01	-5.362702e-02	-7.925269e-02	-1.460054e-01	 3.809738e-02	-2.847947e-02	-5.304323e-02	-2.897880e-02	-1.639018e+00	-1.633154e+01	-2.704407e-04	 2.828448e-02	-1.718885e-02	 1.720647e-02	 4.217491e-01	-3.340449e-01	 2.473612e-01	-1.709424e-01	
-4.062762e-04	-7.448347e-02	-1.784048e+01	-1.348686e-01	-6.121422e-10	-9.910646e-02	-1.519977e-01	-5.713547e-01	-5.261115e-02	 3.501077e+02	 2.355584e+00	-2.336848e+00	 3.488055e+03	 7.282699e+03	 4.422350e+03	 8.549161e+02	 1.248089e+01	 1.369348e+01	-1.632182e+01	 5.104648e+01	 6.648570e+01	 2.566750e-01	-2.176249e-01	-6.220871e-01	-6.357002e-02	-3.902173e-02	 1.493520e+00	-1.083746e-02	-4.165891e-03	 3.481087e-02	 1.571490e-02	 1.706401e-03	-4.433369e-02	-3.844610e-03	-3.471726e-02	-1.701626e-02	-1.998488e-02	-1.423435e-01	-2.027076e-01	 1.290132e-01	-6.936849e-02	 3.773351e-01	-3.374195e-02	-5.482347e-02	 2.087542e-02	-2.307550e-03	-2.557466e-02	 5.656318e-03	-2.853294e-01	 3.203280e+00	 3.451766e+01	 6.773085e-03	-2.646788e-01	 1.536765e-03	-1.568826e-03	-1.097224e+00	 3.233539e-02	-5.713046e-01	 5.228896e-02	
-2.525974e-03	-6.515066e-02	-2.254832e+01	-1.535382e-01	-5.595851e-10	-1.148720e-01	 4.287281e-01	-5.877948e-01	-7.119299e-02	 5.038130e+02	 1.417277e+00	 3.158715e+01	 8.163214e+02	 4.422350e+03	 8.059570e+03	 3.454441e+03	 2.238751e+01	 2.599103e+01	 2.410361e+00	-1.009597e+02	-1.400106e+02	 2.281209e-01	-3.177547e-01	 6.250624e-03	 2.758163e-02	-1.128410e+00	 3.795173e+00	-1.037875e-02	-7.264448e-03	 4.749084e-02	-4.217320e-02	 4.047608e-03	-7.807297e-03	 2.976532e-02	-3.295100e-02	 3.077160e-02	-2.167957e-02	 5.628956e-02	-9.587410e-01	-2.372954e-01	-1.809594e-02	 1.418967e-01	-1.049781e-02	 5.262470e-02	 1.312238e-01	 1.942820e-02	 3.299524e-02	 2.843309e-02	-2.584539e-01	 3.434806e+00	 3.411324e+01	 6.923200e-03	-2.257093e-01	 5.141812e-02	-5.145951e-02	-1.477488e+00	 2.209348e-01	-5.877103e-01	 7.036205e-02	
-1.822138e-03	-5.302590e-02	-1.420506e+01	-9.798296e-02	 7.763728e-11	 5.058755e-02	 1.449550e-01	-4.165975e-01	 1.431602e-02	-1.413379e+03	-1.705366e+00	 1.104826e+01	-6.890355e+02	 8.549161e+02	 3.454441e+03	 1.234963e+04	-3.183919e+01	-1.748028e+01	-1.150419e+01	 1.035906e+02	 3.059002e+02	 5.485484e-01	 5.979751e-01	 1.460667e+00	 6.728734e-01	-9.142137e-01	-3.828692e-01	-1.260416e-02	-1.571129e-03	-1.310148e-02	-8.680737e-02	 3.156692e-03	 3.857143e-02	 1.677190e-02	-4.553141e-02	 6.394749e-02	 1.125038e-02	 1.242164e-01	-4.865244e-01	 1.412887e-01	 8.142076e-02	-7.688029e-02	 1.390780e-05	 5.547236e-02	-7.631540e-02	 5.272372e-02	 6.183483e-02	-4.210180e-03	 3.611808e-02	 2.435689e+00	 2.575762e+01	 5.299423e-03	-8.451635e-02	 9.804969e-03	-9.825670e-03	-9.320937e-01	-2.542570e-03	-4.165349e-01	-1.408866e-02	
 4.774041e-06	 2.913843e-04	 1.419248e-01	 4.787424e-04	-3.670740e-12	-1.079417e-03	 1.868095e-02	 2.767023e-03	-1.295714e-03	 8.633941e+00	 2.717683e-02	-3.154221e+00	 1.037391e+01	 1.248089e+01	 2.238751e+01	-3.183919e+01	 7.069385e+00	 2.106371e-01	 1.186993e-01	-2.384056e+00	-3.669097e+00	 6.965431e-03	-1.311422e-02	-4.204039e-02	-1.118205e-02	-4.174562e-02	-9.312700e-02	-8.479153e-05	 7.262071e-05	 2.776939e-04	 2.085494e-03	 2.812811e-05	-4.207454e-03	 1.538433e-04	-3.925804e-04	 4.209392e-04	 2.040268e-03	-1.466438e-03	-1.165922e-02	-5.614538e-03	-5.295859e-04	 5.155502e-03	-4.507256e-04	 6.176152e-04	 1.924231e-03	-6.729441e-04	-3.474618e-04	-4.567846e-04	-1.681547e-03	-1.857747e-02	-1.570190e-01	 2.932425e-05	-9.044716e-05	-6.198376e-04	 6.200420e-04	-2.696420e-03	 5.779142e-03	 2.768574e-03	 1.282551e-03	
-9.812798e-06	-6.277030e-04	-2.008527e-01	-2.394513e-03	-4.981380e-12	-1.378899e-03	 4.431002e-03	-5.163541e-03	-3.213479e-03	 6.269340e+00	-3.962933e-02	 1.313724e-01	-1.304917e+01	 1.369348e+01	 2.599103e+01	-1.748028e+01	 2.106371e-01	 3.740487e+00	 5.733553e-01	-1.154427e+00	-2.559357e+00	-4.010711e-03	-1.905782e-03	-1.682752e-02	 3.595472e-03	 2.159809e-02	 9.108881e-02	 4.646674e-04	-1.402581e-04	 9.928714e-04	-5.041201e-04	 3.035090e-05	 1.172640e-03	 1.634583e-03	-8.716842e-05	-5.785846e-04	-2.306451e-04	-2.957412e-03	 7.409771e-03	 1.953821e-04	-6.747938e-04	-1.818694e-03	-1.402318e-04	 5.115527e-04	 1.983295e-03	 5.149749e-04	-4.583458e-04	 2.297235e-03	-2.269810e-03	 3.097561e-02	 3.020098e-01	-1.028800e-05	-2.578972e-03	 3.898471e-04	-3.902269e-04	-1.371420e-02	 6.937257e-03	-5.164458e-03	 3.214768e-03	
-1.143142e-05	 1.451905e-03	 3.438886e-01	 9.196442e-04	-2.531568e-12	-1.636161e-03	 9.991004e-03	 1.031213e-02	 1.155352e-03	 3.049802e+00	-5.055007e-02	 2.963854e-01	 1.360334e+01	-1.632182e+01	 2.410361e+00	-1.150419e+01	 1.186993e-01	 5.733553e-01	 2.892340e+00	 1.575823e+00	 1.361221e+00	 4.935206e-03	-4.165683e-03	-1.172416e-02	-4.906473e-03	 3.049041e-03	 5.470253e-02	-9.756987e-05	-1.565018e-04	 1.798984e-05	-1.471366e-05	 4.181717e-05	 1.065675e-04	-1.325925e-03	 6.918751e-04	-4.998369e-04	-3.964362e-04	-1.288300e-03	-4.634216e-03	-2.713005e-03	 3.498968e-04	 3.755741e-04	-2.454658e-04	 1.116883e-03	 9.123082e-04	-6.279749e-05	-3.259929e-04	 5.357617e-04	-1.154688e-03	-6.019425e-02	-6.395211e-01	-7.113662e-05	 1.836815e-03	-7.100397e-05	 7.161635e-05	 1.351628e-02	 7.345683e-04	 1.030965e-02	-1.155724e-03	
 2.398401e-05	-1.985317e-04	 2.691920e-02	-3.401957e-04	 5.007894e-12	 2.145774e-03	-1.528175e-02	-9.822742e-04	 7.533611e-04	-4.176065e+01	-2.513469e-02	 1.020058e+00	 3.984959e+01	 5.104648e+01	-1.009597e+02	 1.035906e+02	-2.384056e+00	-1.154427e+00	 1.575823e+00	 1.831236e+01	 3.402590e+01	 2.176951e-02	 2.107348e-02	 3.576557e-02	 2.636568e-02	-6.798559e-03	-3.139918e-02	-5.885609e-04	 2.999575e-04	-1.256471e-03	-1.093784e-03	-5.469911e-05	-1.388767e-03	-3.290076e-03	 7.101489e-04	-1.854995e-05	 1.359141e-04	 1.684811e-03	 2.834269e-03	 1.409992e-02	-1.516141e-04	 3.999611e-03	 1.081092e-03	 2.259253e-04	-3.055612e-03	 3.990747e-04	-3.812953e-04	-1.508193e-03	 2.248103e-03	 2.561756e-03	 6.630599e-02	 8.531351e-05	 3.637592e-04	-4.953031e-04	 4.954517e-04	 5.140084e-03	-4.417694e-03	-9.855208e-04	-7.479518e-04	
 6.965721e-05	 1.261705e-03	 1.957536e-01	-2.917534e-03	 2.150838e-11	 3.958078e-03	-3.007587e-02	 6.394906e-03	-2.878031e-03	-1.248170e+02	-2.147500e-01	 7.128251e-01	 5.041662e+00	 6.648570e+01	-1.400106e+02	 3.059002e+02	-3.669097e+00	-2.559357e+00	 1.361221e+00	 3.402590e+01	 8.770487e+01	 6.770929e-02	 4.918787e-02	 1.133698e-01	 6.786318e-02	-5.701628e-02	-1.200605e-01	-1.707839e-03	 6.919735e-04	-1.713713e-03	-4.888418e-03	 2.204427e-05	-4.502164e-03	-4.208101e-03	-1.310636e-03	 1.673370e-03	 1.618729e-03	 7.197856e-03	-2.175176e-02	 2.180709e-02	 2.686556e-03	 7.536615e-03	 3.633959e-03	 3.812578e-03	-5.948683e-03	 4.234878e-03	 1.998120e-03	-5.146669e-04	 9.849785e-03	-4.505984e-02	-5.034840e-01	 1.862978e-04	 5.291160e-03	 9.511373e-04	-9.504869e-04	 2.739596e-02	-1.311234e-04	 6.393954e-03	 2.853547e-03	
 6.134646e-07	 2.818081e-05	 8.012029e-03	 1.822405e-05	 5.186074e-14	-8.429665e-06	-1.537165e-04	 2.179676e-04	-1.178346e-04	-1.081483e-01	-9.997192e-04	-7.981122e-03	 1.313031e-01	 2.566750e-01	 2.281209e-01	 5.485484e-01	 6.965431e-03	-4.010711e-03	 4.935206e-03	 2.176951e-02	 6.770929e-02	 1.498822e-03	 3.023714e-04	-1.453044e-04	-1.910148e-04	-1.908523e-04	-8.839588e-04	-6.175377e-06	-5.170482e-07	-3.996129e-06	-8.546189e-06	 2.629374e-07	-1.845457e-05	 1.285922e-07	-1.586160e-07	-1.152518e-05	-1.958584e-06	-5.631240e-05	 5.387408e-05	 6.179529e-05	 1.450423e-05	 1.104408e-04	 1.042087e-06	 1.826199e-05	-2.139962e-06	 1.814727e-05	-3.744040e-06	 8.340008e-06	 2.347909e-05	-1.301915e-03	-1.326762e-02	-1.145584e-06	 5.133794e-05	-1.010193e-05	 1.011729e-05	 4.864486e-04	 1.851345e-04	 2.179387e-04	 1.177528e-04	
 1.633337e-08	 3.324962e-06	 2.222289e-03	 1.638411e-05	 1.251249e-13	 3.351007e-05	 9.142035e-06	 4.968046e-05	 9.789041e-07	-1.775527e-01	-4.637115e-04	 3.443486e-03	-2.102640e-01	-2.176249e-01	-3.177547e-01	 5.979751e-01	-1.311422e-02	-1.905782e-03	-4.165683e-03	 2.107348e-02	 4.918787e-02	 3.023714e-04	 7.903491e-04	 2.856046e-04	 6.807091e-04	 1.798958e-05	-9.825112e-04	-5.733070e-07	-3.493776e-07	-1.341553e-05	-1.759160e-05	-2.704368e-07	 1.507216e-05	 7.361260e-06	 4.002136e-06	 4.459230e-06	 2.210018e-06	 3.381704e-05	 1.333804e-04	 6.417601e-05	 1.310094e-05	-6.061737e-05	 9.481365e-06	 1.997103e-05	-1.722712e-05	 6.533190e-06	 7.064439e-06	-8.429903e-06	 5.822145e-05	-2.672523e-04	-2.271006e-03	-7.785143e-07	 2.909892e-05	-1.122417e-05	 1.122966e-05	 9.545397e-05	 5.403909e-06	 4.964294e-05	-1.045823e-06	
-1.155203e-06	-4.355020e-05	-1.874182e-02	-1.161635e-04	-1.045975e-13	-1.245823e-05	-5.494097e-04	-4.120002e-04	 1.163854e-04	-3.214495e-01	-2.514026e-03	 3.408103e-02	-2.185164e+00	-6.220871e-01	 6.250624e-03	 1.460667e+00	-4.204039e-02	-1.682752e-02	-1.172416e-02	 3.576557e-02	 1.133698e-01	-1.453044e-04	 2.856046e-04	 8.144823e-03	 3.181974e-04	 1.059515e-04	 7.659517e-03	-9.077168e-06	-3.346619e-06	 1.641442e-05	-9.340374e-05	-5.118570e-07	 1.071312e-04	-4.976332e-05	 1.293912e-05	 2.730275e-05	 6.460025e-06	 2.510005e-04	-7.795458e-04	-1.527168e-05	-2.747020e-05	-2.874890e-04	 6.527351e-05	 7.408928e-05	 8.505123e-05	-6.696413e-06	 5.300365e-05	 4.833969e-05	-5.046921e-05	 2.522886e-03	 2.345908e-02	 4.197750e-06	-9.931807e-05	 6.479002e-05	-6.482097e-05	-4.495719e-04	-2.948649e-04	-4.119843e-04	-1.161443e-04	
-5.727971e-09	-1.528270e-05	-2.913721e-03	-1.295353e-05	-2.879019e-14	 8.460498e-06	-1.533288e-04	-9.635506e-05	-7.759655e-05	-1.880654e-01	-5.501669e-04	 8.967467e-03	-4.358576e-01	-6.357002e-02	 2.758163e-02	 6.728734e-01	-1.118205e-02	 3.595472e-03	-4.906473e-03	 2.636568e-02	 6.786318e-02	-1.910148e-04	 6.807091e-04	 3.181974e-04	 2.396731e-03	 3.909193e-04	-2.792229e-04	 1.516821e-06	-2.119742e-06	-2.406562e-06	-2.068137e-05	-4.397761e-07	-1.049320e-05	 2.293546e-05	 2.049874e-06	-7.786903e-07	 1.149368e-05	 7.754318e-05	 1.729624e-04	 5.056673e-05	 2.084929e-05	-5.362174e-05	 1.448597e-05	 2.894565e-05	 2.513535e-05	 1.290035e-05	 9.068071e-06	-2.390738e-06	-1.345830e-05	 5.907803e-04	 6.544959e-03	 2.730876e-07	-3.534684e-05	-4.759077e-06	 4.754354e-06	-1.173588e-04	 1.052583e-04	-9.633178e-05	 7.746608e-05	
 1.237624e-06	 1.488968e-05	 4.109120e-03	-4.126727e-05	-6.541853e-14	-3.030860e-05	-7.755271e-04	 1.261020e-04	 4.915165e-06	 1.395080e-01	-2.882290e-03	 8.681702e-03	 1.818221e+00	-3.902173e-02	-1.128410e+00	-9.142137e-01	-4.174562e-02	 2.159809e-02	 3.049041e-03	-6.798559e-03	-5.701628e-02	-1.908523e-04	 1.798958e-05	 1.059515e-04	 3.909193e-04	 7.637934e-03	 7.922220e-03	 1.616302e-05	-4.142919e-06	 1.208438e-05	-2.689705e-06	-6.519553e-07	 3.979674e-05	-6.831213e-06	 2.595530e-05	-7.332130e-05	-3.839692e-05	-2.607192e-04	 1.041534e-03	 3.491087e-04	-3.671179e-05	 9.007196e-05	-3.534896e-05	-6.419970e-05	-4.739356e-05	 3.645978e-05	-5.082094e-05	 8.216557e-05	-2.977225e-05	-6.998981e-04	-7.790707e-03	-4.275580e-06	-2.128339e-05	-1.910369e-06	 1.916028e-06	 6.217424e-04	-1.746748e-04	 1.260164e-04	-5.110289e-06	
-6.286283e-06	-1.266083e-05	-3.230016e-02	-3.910623e-04	-1.434293e-12	-4.346801e-04	 3.208887e-04	-5.279999e-04	 2.326247e-04	 6.334759e-01	-1.030564e-02	 1.169804e-01	-2.780789e-01	 1.493520e+00	 3.795173e+00	-3.828692e-01	-9.312700e-02	 9.108881e-02	 5.470253e-02	-3.139918e-02	-1.200605e-01	-8.839588e-04	-9.825112e-04	 7.659517e-03	-2.792229e-04	 7.922220e-03	 7.178890e-02	 1.138902e-05	-2.839768e-05	 1.349599e-04	-2.302052e-04	 4.044631e-06	 2.355804e-04	-9.136408e-05	 7.260243e-05	-9.075722e-05	-2.124162e-04	 1.963203e-04	-1.611307e-03	-5.562350e-04	-6.475893e-05	-5.373150e-04	 4.512289e-05	 1.372281e-04	 4.456488e-04	 4.888531e-05	 2.306986e-05	 2.972045e-04	-6.641212e-04	 3.301228e-03	 2.275048e-02	 4.573083e-06	-3.594552e-04	 2.214028e-04	-2.214763e-04	-1.729122e-03	-1.506748e-04	-5.284591e-04	-2.334379e-04	
 6.714698e-10	-3.784907e-07	-9.362160e-05	-4.069597e-07	-8.628252e-16	 1.829310e-08	 1.582542e-06	-2.518169e-06	-6.024110e-07	 1.562830e-03	 9.720820e-06	 1.294899e-04	 8.856806e-03	-1.083746e-02	-1.037875e-02	-1.260416e-02	-8.479153e-05	 4.646674e-04	-9.756987e-05	-5.885609e-04	-1.707839e-03	-6.175377e-06	-5.733070e-07	-9.077168e-06	 1.516821e-06	 1.616302e-05	 1.138902e-05	 5.617401e-07	-5.262907e-09	 8.423845e-08	 4.183643e-07	-7.058596e-09	-2.454360e-08	 4.625315e-07	 3.372709e-07	-2.491245e-07	 9.107109e-08	-9.861161e-07	 7.769567e-06	 1.313239e-06	 3.800404e-07	-2.020463e-06	-5.946676e-07	-5.336164e-07	-3.914999e-07	-2.097224e-07	-3.789812e-07	 5.183133e-08	-3.790155e-07	 1.581182e-05	 1.608533e-04	-2.227895e-08	-8.725018e-07	 4.278960e-08	-4.298033e-08	-5.477195e-06	 1.508938e-06	-2.519165e-06	 6.029548e-07	
 1.308970e-08	 3.262863e-07	 8.936041e-05	 4.572244e-07	 5.296610e-15	 9.731297e-07	 1.166717e-06	 2.269157e-06	 1.312459e-06	 3.161900e-04	 1.311071e-05	-1.758962e-04	 5.020493e-03	-4.165891e-03	-7.264448e-03	-1.571129e-03	 7.262071e-05	-1.402581e-04	-1.565018e-04	 2.999575e-04	 6.919735e-04	-5.170482e-07	-3.493776e-07	-3.346619e-06	-2.119742e-06	-4.142919e-06	-2.839768e-05	-5.262907e-09	 3.915113e-07	-9.414404e-08	 1.597552e-07	 4.971335e-09	-5.883807e-07	-1.435994e-07	-1.751459e-07	 3.078713e-07	 3.045528e-07	 1.088782e-07	-3.019623e-07	-2.051212e-08	-4.381858e-07	 4.037094e-07	 2.701650e-07	-1.716231e-07	-5.855214e-07	 1.384623e-07	 1.556765e-07	-2.667518e-07	 2.470528e-06	-1.491240e-05	-1.527967e-04	 6.378128e-09	 1.660456e-06	-6.041850e-08	 6.057718e-08	 3.947319e-06	-2.254455e-06	 2.269633e-06	-1.312478e-06	
 1.693944e-08	-2.234617e-06	-8.656430e-04	-8.594040e-06	-2.182118e-14	-7.493741e-06	-5.243055e-05	-2.030380e-05	-1.262098e-05	 1.022982e-02	-2.693160e-05	-2.929472e-05	-4.053359e-03	 3.481087e-02	 4.749084e-02	-1.310148e-02	 2.776939e-04	 9.928714e-04	 1.798984e-05	-1.256471e-03	-1.713713e-03	-3.996129e-06	-1.341553e-05	 1.641442e-05	-2.406562e-06	 1.208438e-05	 1.349599e-04	 8.423845e-08	-9.414404e-08	 6.061850e-06	-1.529563e-06	 4.354377e-08	 3.388195e-07	 8.755981e-07	-1.505251e-06	-5.735916e-07	-2.310004e-07	-3.714676e-06	-5.723014e-06	-2.235026e-06	-2.486602e-06	 4.635169e-06	 2.522214e-07	-1.159721e-06	 4.240242e-06	 2.429688e-06	 1.635123e-06	 5.846084e-06	-1.018952e-05	 1.212943e-04	 1.148188e-03	 1.633933e-07	-9.528192e-06	 2.682732e-06	-2.684309e-06	-1.083346e-05	 1.013752e-05	-2.029403e-05	 1.261414e-05	
 4.456023e-08	-1.713490e-06	-2.761141e-04	 9.822038e-07	-1.019560e-14	 8.836605e-07	 5.656820e-06	-9.536524e-06	 1.249268e-06	 1.250137e-02	 1.456796e-04	-1.404462e-03	 3.523325e-02	 1.571490e-02	-4.217320e-02	-8.680737e-02	 2.085494e-03	-5.041201e-04	-1.471366e-05	-1.093784e-03	-4.888418e-03	-8.546189e-06	-1.759160e-05	-9.340374e-05	-2.068137e-05	-2.689705e-06	-2.302052e-04	 4.183643e-07	 1.597552e-07	-1.529563e-06	 1.660089e-05	-1.851453e-07	-6.837031e-06	-1.439326e-07	 4.840169e-07	-1.513720e-06	 1.560948e-06	-8.601896e-06	 3.034201e-05	 4.837263e-06	 1.511391e-06	 9.885250e-06	-3.607501e-06	-4.789217e-06	-3.244763e-06	-4.040895e-06	-4.266684e-06	-3.812062e-06	-4.797864e-06	 5.696904e-05	 6.433481e-04	-6.794389e-08	-4.382847e-06	-9.094380e-07	 9.088870e-07	-1.391371e-05	-2.277652e-06	-9.531320e-06	-1.241326e-06	
-9.309785e-10	 7.410164e-08	 7.670864e-06	-2.398126e-07	-9.120573e-16	-3.760469e-07	 4.283699e-07	 1.711409e-07	 8.194047e-07	-7.754075e-05	-2.743325e-06	-3.267205e-05	 4.457951e-03	 1.706401e-03	 4.047608e-03	 3.156692e-03	 2.812811e-05	 3.035090e-05	 4.181717e-05	-5.469911e-05	 2.204427e-05	 2.629374e-07	-2.704368e-07	-5.118570e-07	-4.397761e-07	-6.519553e-07	 4.044631e-06	-7.058596e-09	 4.971335e-09	 4.354377e-08	-1.851453e-07	 1.193845e-07	 1.148095e-09	 3.868162e-08	-1.796708e-07	 1.305490e-07	-4.560443e-09	 1.493886e-07	-3.067424e-06	 1.401517e-07	 1.596367e-07	 5.253913e-07	-1.049946e-07	 9.086961e-08	-1.483218e-07	 2.999270e-07	 3.396498e-07	 4.979253e-08	-4.163397e-07	-2.163858e-06	-2.216568e-05	 3.824199e-08	-6.251767e-08	 7.447386e-08	-7.446665e-08	 1.250018e-07	-1.487707e-06	 1.714586e-07	-8.218873e-07	
 3.635544e-08	-2.955434e-07	-4.830262e-05	-8.489847e-07	 3.084107e-14	 7.029767e-06	-2.512446e-05	-3.082178e-06	-9.277743e-06	 1.072120e-03	 8.468155e-06	 1.737381e-03	-6.166654e-02	-4.433369e-02	-7.807297e-03	 3.857143e-02	-4.207454e-03	 1.172640e-03	 1.065675e-04	-1.388767e-03	-4.502164e-03	-1.845457e-05	 1.507216e-05	 1.071312e-04	-1.049320e-05	 3.979674e-05	 2.355804e-04	-2.454360e-08	-5.883807e-07	 3.388195e-07	-6.837031e-06	 1.148095e-09	 1.169921e-04	 2.567480e-06	-3.604271e-06	 1.038919e-06	-1.443376e-06	 6.217530e-06	 5.403825e-06	-1.540725e-07	-9.984686e-06	 2.021329e-06	 2.482903e-06	-2.284856e-06	 2.098340e-06	 1.622906e-06	 2.575826e-06	 8.796656e-06	 1.430637e-05	 1.298271e-05	 1.369835e-04	-8.341351e-08	 4.926614e-06	-3.130530e-07	 3.132795e-07	 2.182326e-07	 8.029858e-06	-3.084286e-06	 9.246858e-06	
 5.315146e-08	-4.153118e-06	-1.159152e-03	-3.439978e-06	-1.110091e-14	 8.103487e-08	-2.162328e-05	-3.146815e-05	-2.529314e-05	-3.549033e-03	 1.556840e-04	-1.421049e-03	-3.170594e-02	-3.844610e-03	 2.976532e-02	 1.677190e-02	 1.538433e-04	 1.634583e-03	-1.325925e-03	-3.290076e-03	-4.208101e-03	 1.285922e-07	 7.361260e-06	-4.976332e-05	 2.293546e-05	-6.831213e-06	-9.136408e-05	 4.625315e-07	-1.435994e-07	 8.755981e-07	-1.439326e-07	 3.868162e-08	 2.567480e-06	 3.057490e-05	-3.611612e-06	-9.883313e-07	-1.762394e-06	-7.169789e-07	 1.579285e-05	-2.725841e-06	 3.705762e-06	 1.346191e-06	-1.425154e-06	-2.908555e-06	-1.175892e-06	 2.501864e-06	 7.386620e-07	-4.053785e-07	-5.176890e-06	 1.862178e-04	 1.886412e-03	 9.049674e-08	-8.762994e-06	 1.532515e-06	-1.534591e-06	-4.883673e-05	 3.813673e-05	-3.145299e-05	 2.529540e-05	
-6.872233e-08	 1.858766e-06	 4.952333e-04	 4.466948e-06	 2.960303e-15	 4.767799e-07	 3.780641e-05	 1.565511e-05	 7.930597e-06	 3.092225e-03	-8.928710e-05	 1.571657e-03	-1.375567e-02	-3.471726e-02	-3.295100e-02	-4.553141e-02	-3.925804e-04	-8.716842e-05	 6.918751e-04	 7.101489e-04	-1.310636e-03	-1.586160e-07	 4.002136e-06	 1.293912e-05	 2.049874e-06	 2.595530e-05	 7.260243e-05	 3.372709e-07	-1.751459e-07	-1.505251e-06	 4.840169e-07	-1.796708e-07	-3.604271e-06	-3.611612e-06	 1.987320e-05	-1.781261e-06	-1.442967e-06	 5.162092e-06	-7.248444e-06	-5.258065e-07	-5.629342e-07	-1.174100e-05	 8.720500e-07	 3.747782e-06	 3.837787e-06	-2.931712e-06	-1.934434e-06	-3.671351e-06	 1.426551e-06	-8.233017e-05	-8.617069e-04	-2.152287e-07	 4.409534e-06	-5.706787e-07	 5.715000e-07	 9.916031e-06	-2.285895e-06	 1.563989e-05	-7.947395e-06	
-5.120334e-08	-4.803858e-07	-3.045680e-04	-5.345897e-07	 1.495017e-14	 3.492988e-06	 1.700992e-05	-6.704876e-06	 1.325593e-05	-8.682785e-03	 7.090680e-05	 2.066459e-04	-2.082718e-02	-1.701626e-02	 3.077160e-02	 6.394749e-02	 4.209392e-04	-5.785846e-04	-4.998369e-04	-1.854995e-05	 1.673370e-03	-1.152518e-05	 4.459230e-06	 2.730275e-05	-7.786903e-07	-7.332130e-05	-9.075722e-05	-2.491245e-07	 3.078713e-07	-5.735916e-07	-1.513720e-06	 1.305490e-07	 1.038919e-06	-9.883313e-07	-1.781261e-06	 1.267083e-05	 1.905512e-06	 7.827204e-06	-2.641465e-05	-7.250884e-06	 1.002804e-08	-6.694077e-06	 2.325438e-06	 2.712903e-06	-1.290096e-06	 7.309322e-07	 3.257297e-06	-2.100033e-06	 7.024945e-06	 3.708614e-05	 3.294770e-04	 1.760663e-07	 2.914826e-06	 1.405772e-06	-1.406256e-06	-2.145967e-05	-2.051792e-05	-6.701789e-06	-1.323629e-05	
 3.044930e-08	-4.320068e-07	 7.913174e-05	 1.667953e-07	 1.027372e-14	 2.692116e-06	 1.400666e-05	-8.304079e-07	 6.652488e-06	-6.666916e-03	 4.409016e-05	-1.004563e-03	-4.265799e-02	-1.998488e-02	-2.167957e-02	 1.125038e-02	 2.040268e-03	-2.306451e-04	-3.964362e-04	 1.359141e-04	 1.618729e-03	-1.958584e-06	 2.210018e-06	 6.460025e-06	 1.149368e-05	-3.839692e-05	-2.124162e-04	 9.107109e-08	 3.045528e-07	-2.310004e-07	 1.560948e-06	-4.560443e-09	-1.443376e-06	-1.762394e-06	-1.442967e-06	 1.905512e-06	 2.673096e-05	 9.728978e-07	 6.412228e-06	 3.897903e-06	-7.375738e-07	 8.684151e-07	 4.863672e-07	 7.431118e-07	-1.394739e-06	-1.515943e-07	 3.570310e-07	 4.594126e-07	 4.734133e-06	 1.030244e-06	 9.578989e-05	 3.766085e-08	 1.132173e-06	-1.459205e-06	 1.459396e-06	-3.875373e-06	-9.553401e-06	-8.251730e-07	-6.661921e-06	
-2.602668e-07	 6.628898e-07	-7.233513e-04	 8.328180e-06	 4.299548e-14	 1.105880e-05	 7.508789e-05	-6.096114e-06	 2.482876e-05	-3.416551e-02	 4.895912e-05	 4.119809e-03	-2.471372e-01	-1.423435e-01	 5.628956e-02	 1.242164e-01	-1.466438e-03	-2.957412e-03	-1.288300e-03	 1.684811e-03	 7.197856e-03	-5.631240e-05	 3.381704e-05	 2.510005e-04	 7.754318e-05	-2.607192e-04	 1.963203e-04	-9.861161e-07	 1.088782e-07	-3.714676e-06	-8.601896e-06	 1.493886e-07	 6.217530e-06	-7.169789e-07	 5.162092e-06	 7.827204e-06	 9.728978e-07	 2.095637e-04	-1.451707e-04	-4.469758e-05	 1.029866e-05	-5.506823e-05	 1.301633e-05	 1.917615e-05	 1.758539e-05	-7.754023e-07	 1.125838e-05	-1.351900e-05	 2.028117e-05	 5.021498e-05	 1.966204e-04	 3.107673e-07	 1.515214e-05	 6.492576e-06	-6.494177e-06	-5.465626e-05	-2.229139e-05	-6.089792e-06	-2.489659e-05	
 7.066031e-07	-2.902047e-06	 3.725116e-03	 1.669626e-05	 8.680140e-14	 3.393549e-05	-2.857454e-04	 5.460487e-05	-7.236653e-05	 1.284759e-03	 3.365111e-04	-6.237580e-03	 3.535243e-01	-2.027076e-01	-9.587410e-01	-4.865244e-01	-1.165922e-02	 7.409771e-03	-4.634216e-03	 2.834269e-03	-2.175176e-02	 5.387408e-05	 1.333804e-04	-7.795458e-04	 1.729624e-04	 1.041534e-03	-1.611307e-03	 7.769567e-06	-3.019623e-07	-5.723014e-06	 3.034201e-05	-3.067424e-06	 5.403825e-06	 1.579285e-05	-7.248444e-06	-2.641465e-05	 6.412228e-06	-1.451707e-04	 4.220378e-03	 2.023959e-04	 6.229802e-05	-1.271259e-05	-2.646213e-05	-5.746066e-05	-5.885442e-05	 7.233463e-06	-4.064082e-05	 1.811140e-05	 3.945868e-05	-2.759974e-04	-1.411661e-03	-2.856388e-06	 1.200373e-06	-3.278759e-05	 3.279497e-05	 2.714571e-04	 6.333357e-05	 5.456937e-05	 7.275265e-05	
 1.576944e-07	-1.418454e-05	-2.771584e-03	-1.794548e-05	-5.405779e-14	 1.811967e-07	-2.044386e-04	-8.636131e-05	-4.162556e-06	-4.984356e-02	-1.001563e-04	-1.193470e-04	 2.557940e-01	 1.290132e-01	-2.372954e-01	 1.412887e-01	-5.614538e-03	 1.953821e-04	-2.713005e-03	 1.409992e-02	 2.180709e-02	 6.179529e-05	 6.417601e-05	-1.527168e-05	 5.056673e-05	 3.491087e-04	-5.562350e-04	 1.313239e-06	-2.051212e-08	-2.235026e-06	 4.837263e-06	 1.401517e-07	-1.540725e-07	-2.725841e-06	-5.258065e-07	-7.250884e-06	 3.897903e-06	-4.469758e-05	 2.023959e-04	 3.804880e-04	 2.182883e-06	 3.363805e-05	-1.076224e-05	-1.271457e-05	-2.986907e-05	-1.164878e-06	-8.259445e-06	-3.889774e-06	-2.543491e-05	 5.253359e-04	 5.796880e-03	 1.439631e-07	-3.952397e-05	-4.218485e-06	 4.214473e-06	-2.516997e-05	-4.369513e-05	-8.638856e-05	 4.070455e-06	
-1.643869e-07	-2.146811e-06	-5.130943e-04	 9.444090e-07	-4.619448e-14	-8.417115e-06	 9.388762e-05	-1.334841e-05	-8.637219e-06	-2.603442e-02	-1.674273e-04	 1.788841e-04	-2.708561e-02	-6.936849e-02	-1.809594e-02	 8.142076e-02	-5.295859e-04	-6.747938e-04	 3.498968e-04	-1.516141e-04	 2.686556e-03	 1.450423e-05	 1.310094e-05	-2.747020e-05	 2.084929e-05	-3.671179e-05	-6.475893e-05	 3.800404e-07	-4.381858e-07	-2.486602e-06	 1.511391e-06	 1.596367e-07	-9.984686e-06	 3.705762e-06	-5.629342e-07	 1.002804e-08	-7.375738e-07	 1.029866e-05	 6.229802e-05	 2.182883e-06	 1.333822e-04	-3.335460e-05	-9.493992e-06	-1.005967e-07	-1.329867e-05	-9.698041e-07	-1.323457e-06	-7.037637e-06	-2.147884e-05	 9.150826e-05	 9.682170e-04	-3.386022e-09	-1.116661e-05	 5.338989e-08	-5.421840e-08	-7.439682e-05	 4.064812e-05	-1.337246e-05	 8.633018e-06	
 5.240283e-07	-2.171527e-07	 5.219961e-04	-6.840540e-06	-3.382316e-14	-8.130863e-06	-2.531376e-04	-1.101212e-06	-3.149160e-05	 4.811651e-02	 4.466069e-04	-6.774744e-03	 4.063735e-01	 3.773351e-01	 1.418967e-01	-7.688029e-02	 5.155502e-03	-1.818694e-03	 3.755741e-04	 3.999611e-03	 7.536615e-03	 1.104408e-04	-6.061737e-05	-2.874890e-04	-5.362174e-05	 9.007196e-05	-5.373150e-04	-2.020463e-06	 4.037094e-07	 4.635169e-06	 9.885250e-06	 5.253913e-07	 2.021329e-06	 1.346191e-06	-1.174100e-05	-6.694077e-06	 8.684151e-07	-5.506823e-05	-1.271259e-05	 3.363805e-05	-3.335460e-05	 4.140533e-04	-4.617291e-06	-1.950551e-05	-1.994684e-06	 4.997747e-06	-3.211342e-06	 4.647795e-06	-1.599541e-05	-4.072027e-05	-1.504884e-04	 4.372064e-07	-1.101805e-05	-3.802113e-06	 3.803084e-06	 1.340247e-04	-1.547010e-05	-1.042026e-06	 3.147247e-05	
-3.711931e-09	 3.698660e-06	 8.722332e-04	 3.631295e-06	 3.145320e-14	 4.060180e-06	 4.426301e-06	 2.517683e-05	 1.109247e-05	-4.708971e-03	-1.947157e-05	 7.796679e-04	-5.362702e-02	-3.374195e-02	-1.049781e-02	 1.390780e-05	-4.507256e-04	-1.402318e-04	-2.454658e-04	 1.081092e-03	 3.633959e-03	 1.042087e-06	 9.481365e-06	 6.527351e-05	 1.448597e-05	-3.534896e-05	 4.512289e-05	-5.946676e-07	 2.701650e-07	 2.522214e-07	-3.607501e-06	-1.049946e-07	 2.482903e-06	-1.425154e-06	 8.720500e-07	 2.325438e-06	 4.863672e-07	 1.301633e-05	-2.646213e-05	-1.076224e-05	-9.493992e-06	-4.617291e-06	 1.999034e-05	 1.225021e-05	 1.376452e-05	 4.412485e-06	 4.688143e-06	 3.903407e-06	 1.466154e-05	-1.525285e-04	-1.604066e-03	 1.113791e-08	 1.270224e-05	-4.803776e-08	 4.951434e-08	 4.304756e-05	-1.867636e-05	 2.518205e-05	-1.110022e-05	
-1.439351e-07	 5.102799e-06	 1.320497e-03	 5.407841e-06	 1.940293e-14	 7.285911e-07	 7.216501e-05	 3.757878e-05	 1.910648e-05	-1.310180e-02	-2.239615e-04	 1.841903e-03	-7.925269e-02	-5.482347e-02	 5.262470e-02	 5.547236e-02	 6.176152e-04	 5.115527e-04	 1.116883e-03	 2.259253e-04	 3.812578e-03	 1.826199e-05	 1.997103e-05	 7.408928e-05	 2.894565e-05	-6.419970e-05	 1.372281e-04	-5.336164e-07	-1.716231e-07	-1.159721e-06	-4.789217e-06	 9.086961e-08	-2.284856e-06	-2.908555e-06	 3.747782e-06	 2.712903e-06	 7.431118e-07	 1.917615e-05	-5.746066e-05	-1.271457e-05	-1.005967e-07	-1.950551e-05	 1.225021e-05	 2.563194e-05	 1.519939e-05	 3.313551e-06	 5.785980e-06	 4.138614e-07	 9.189106e-06	-2.182057e-04	-2.235141e-03	-4.870674e-08	 1.280125e-05	-1.276011e-06	 1.278240e-06	 3.034249e-05	-1.482553e-05	 3.756464e-05	-1.915528e-05	
-1.225091e-07	 1.081492e-06	-2.886102e-04	-4.452859e-06	-2.526101e-14	-8.486515e-06	-1.456911e-05	 1.951937e-07	-1.871607e-07	 2.541324e-02	-9.431452e-05	 2.243003e-03	-1.460054e-01	 2.087542e-02	 1.312238e-01	-7.631540e-02	 1.924231e-03	 1.983295e-03	 9.123082e-04	-3.055612e-03	-5.948683e-03	-2.139962e-06	-1.722712e-05	 8.505123e-05	 2.513535e-05	-4.739356e-05	 4.456488e-04	-3.914999e-07	-5.855214e-07	 4.240242e-06	-3.244763e-06	-1.483218e-07	 2.098340e-06	-1.175892e-06	 3.837787e-06	-1.290096e-06	-1.394739e-06	 1.758539e-05	-5.885442e-05	-2.986907e-05	-1.329867e-05	-1.994684e-06	 1.376452e-05	 1.519939e-05	 4.819663e-05	 1.241817e-06	 3.156068e-06	 8.705141e-06	-1.175673e-05	 5.782416e-06	-1.433145e-04	 1.516075e-07	-3.389829e-06	 3.919963e-06	-3.920755e-06	 3.166541e-06	-9.718248e-07	 2.009355e-07	 1.645912e-07	
 1.008068e-07	 2.464883e-06	 3.142917e-04	 6.530576e-08	 2.129064e-14	 1.793214e-07	-4.443326e-05	 1.331292e-05	-8.533955e-06	-8.075478e-03	-7.985214e-05	-5.807141e-04	 3.809738e-02	-2.307550e-03	 1.942820e-02	 5.272372e-02	-6.729441e-04	 5.149749e-04	-6.279749e-05	 3.990747e-04	 4.234878e-03	 1.814727e-05	 6.533190e-06	-6.696413e-06	 1.290035e-05	 3.645978e-05	 4.888531e-05	-2.097224e-07	 1.384623e-07	 2.429688e-06	-4.040895e-06	 2.999270e-07	 1.622906e-06	 2.501864e-06	-2.931712e-06	 7.309322e-07	-1.515943e-07	-7.754023e-07	 7.233463e-06	-1.164878e-06	-9.698041e-07	 4.997747e-06	 4.412485e-06	 3.313551e-06	 1.241817e-06	 1.547732e-05	 6.355990e-06	 7.965832e-06	 9.983885e-06	-8.256141e-05	-1.001002e-03	-2.781633e-08	 8.111295e-06	 2.266139e-06	-2.265606e-06	 4.591018e-05	 5.440755e-06	 1.332369e-05	 8.534406e-06	
-3.302662e-09	 6.890147e-07	-2.580560e-04	 3.073311e-07	 1.938744e-14	 1.502808e-06	-1.723272e-05	-1.071575e-06	 2.282475e-06	-7.959423e-03	 7.552762e-06	 8.266859e-05	-2.847947e-02	-2.557466e-02	 3.299524e-02	 6.183483e-02	-3.474618e-04	-4.583458e-04	-3.259929e-04	-3.812953e-04	 1.998120e-03	-3.744040e-06	 7.064439e-06	 5.300365e-05	 9.068071e-06	-5.082094e-05	 2.306986e-05	-3.789812e-07	 1.556765e-07	 1.635123e-06	-4.266684e-06	 3.396498e-07	 2.575826e-06	 7.386620e-07	-1.934434e-06	 3.257297e-06	 3.570310e-07	 1.125838e-05	-4.064082e-05	-8.259445e-06	-1.323457e-06	-3.211342e-06	 4.688143e-06	 5.785980e-06	 3.156068e-06	 6.355990e-06	 1.183218e-05	 3.985619e-06	 9.114564e-06	 5.976102e-06	-1.063201e-04	 1.424988e-07	 6.148565e-06	 3.278144e-06	-3.278624e-06	 6.729881e-06	-7.312823e-06	-1.065745e-06	-2.278425e-06	
