#          omega_b,        omega_cdm,      100*theta_s,     ln10^{10}A_s,              n_s,         tau_reio, parameters_smg__2,         indexg_V,       thetai_scf,                M,        A_cib_217,        xi_sz_cib,             A_sz,     ps_A_100_100,     ps_A_143_143,     ps_A_143_217,     ps_A_217_217,         ksz_norm,     gal545_A_100,     gal545_A_143, gal545_A_143_217,     gal545_A_217,    galf_TE_A_100, galf_TE_A_100_143, galf_TE_A_100_217,    galf_TE_A_143, galf_TE_A_143_217,    galf_TE_A_217,       calib_100T,       calib_217T,         A_planck,               H0,              A_s,              age,           rs_rec,           sigma8,          Omega_m,             fEDE,         log10z_c
 1.489796e-08	-2.777221e-08	-8.898738e-09	 6.666332e-07	 4.803748e-07	 4.925688e-07	-4.703588e-06	 8.736567e-06	 2.191650e-06	 7.035052e-07	-7.954607e-05	-2.288114e-06	 5.561422e-05	-3.627671e-04	-1.050322e-04	 3.862917e-05	 1.060984e-04	-5.673961e-05	 3.696004e-05	-7.606913e-06	 7.916061e-05	 1.846610e-04	-3.926841e-07	 4.388821e-07	 1.161677e-06	 8.221852e-07	-1.241938e-06	-7.840709e-07	-2.968227e-09	 4.326139e-09	-4.589667e-08	 2.938383e-05	 1.419766e-15	-2.166430e-06	-7.796694e-06	 2.763508e-07	-2.746889e-07	 1.426086e-07	 5.742270e-06	
-2.777221e-08	 1.772949e-06	-1.850675e-07	-4.597327e-06	-8.064224e-07	-3.303578e-06	-1.767692e-07	 5.344774e-05	 4.379387e-05	 1.093258e-06	 1.317584e-03	-6.629180e-05	-8.038235e-04	 1.522784e-02	 2.418620e-03	-1.374895e-03	-4.473361e-04	 2.205043e-04	 9.309771e-05	 1.568635e-04	-3.691335e-04	-1.391368e-03	-1.135104e-05	-7.256261e-06	-8.671067e-06	-1.415242e-06	 4.710474e-06	-2.909463e-05	-8.912011e-08	 7.874374e-08	-1.149376e-07	-1.379356e-05	-9.825721e-15	-4.375936e-05	-6.999305e-04	 3.669279e-07	 3.649983e-06	 1.036741e-05	 5.346940e-05	
-8.898738e-09	-1.850675e-07	 8.864437e-08	-5.573582e-07	-3.985291e-07	-3.537485e-07	 5.786635e-06	-3.528733e-05	-1.108073e-05	-1.420291e-06	-5.088083e-04	 2.503793e-05	 7.196276e-05	-3.087951e-03	-5.607051e-04	 2.740204e-04	 2.335572e-04	 1.193763e-05	-8.654429e-05	-5.862201e-05	-1.153925e-04	 1.617861e-05	 2.375924e-06	 1.309490e-06	-1.150765e-06	 2.045461e-06	-1.727180e-06	-3.021589e-06	 1.011328e-08	-2.053434e-08	-1.075428e-07	-5.289715e-05	-1.170357e-15	 9.483626e-06	 1.087015e-04	-2.588326e-07	 5.485697e-08	-2.218611e-06	-2.486636e-05	
 6.666332e-07	-4.597327e-06	-5.573582e-07	 1.901862e-04	 2.441228e-05	 7.814098e-05	-6.658219e-04	-1.033451e-03	 1.521395e-04	 4.712701e-05	-8.306801e-03	-5.631799e-04	-1.625812e-03	 7.784902e-02	 6.914549e-03	-3.807929e-03	 2.134828e-02	-4.938488e-03	 4.868449e-04	-1.043466e-03	 1.177416e-04	 1.375507e-02	 3.070791e-05	 1.114230e-04	-1.377479e-04	 1.062236e-04	 2.551531e-04	 1.147914e-03	 2.905523e-08	-1.499732e-06	 1.737793e-05	 1.769404e-03	 4.060694e-13	-4.928730e-05	 7.533836e-04	 7.988013e-05	-2.316222e-05	-1.680261e-05	-4.888926e-04	
 4.803748e-07	-8.064224e-07	-3.985291e-07	 2.441228e-05	 2.399514e-05	 1.681627e-05	-1.917642e-04	 2.568251e-04	 1.139709e-04	 3.692488e-05	-6.617878e-03	-1.421312e-04	 1.509748e-03	-8.111458e-03	-3.256170e-03	 5.793418e-04	 9.833204e-03	-3.198791e-03	 2.677730e-03	 1.025502e-03	 3.472124e-03	 1.019204e-02	-3.670938e-05	-1.569931e-06	 4.936171e-05	-5.161467e-06	-5.158281e-05	 9.041866e-05	-4.119595e-07	 2.527318e-07	-3.000925e-07	 1.482149e-03	 5.212456e-14	-1.175764e-04	-5.161932e-04	 1.086167e-05	-1.320552e-05	 1.175089e-05	 1.939566e-04	
 4.925688e-07	-3.303578e-06	-3.537485e-07	 7.814098e-05	 1.681627e-05	 4.538934e-05	-2.695323e-04	 6.135218e-05	 4.535703e-05	 2.107866e-05	-2.875473e-03	-3.151708e-04	 1.294192e-03	 7.672349e-03	-3.270629e-03	-2.793114e-03	 1.917754e-03	-1.900453e-03	 2.185527e-03	-7.163444e-04	 1.286664e-03	 8.165813e-03	 1.411654e-05	 4.611840e-05	 8.744835e-06	 2.887925e-05	 3.478830e-05	 3.864977e-04	 1.374672e-07	-1.795180e-07	-5.737295e-07	 8.936749e-04	 1.668835e-13	-3.367010e-06	 6.995952e-04	 3.034938e-05	-1.332152e-05	-9.441487e-06	 4.954072e-05	
-4.703588e-06	-1.767692e-07	 5.786635e-06	-6.658219e-04	-1.917642e-04	-2.695323e-04	 6.075535e-03	 5.864575e-03	-2.319164e-03	-3.537541e-04	 1.664518e-02	 4.130957e-03	-3.352351e-03	-2.021502e-01	-1.616936e-02	 4.816975e-02	-7.366779e-02	 3.419064e-02	-1.260418e-02	-1.441267e-02	-4.415964e-02	-1.025486e-01	 7.331380e-05	-4.021547e-04	-5.997951e-04	-2.890070e-04	-1.177293e-03	-3.369358e-03	 2.850515e-06	 2.574314e-06	-6.157876e-05	-1.270326e-02	-1.415764e-12	 1.210897e-03	 7.764484e-03	-3.707177e-04	 9.831699e-05	-3.564760e-05	 2.012709e-03	
 8.736567e-06	 5.344774e-05	-3.528733e-05	-1.033451e-03	 2.568251e-04	 6.135218e-05	 5.864575e-03	 5.925258e-02	 2.375850e-03	 4.365366e-04	 2.453669e-01	-3.221713e-03	 1.765453e-02	 6.052268e-02	 2.721603e-01	 8.389082e-02	-2.356583e-01	 6.630105e-02	 1.123957e-01	-2.554050e-02	 8.004670e-02	-1.319045e-02	-5.762472e-04	-1.719867e-03	 3.361709e-03	-1.767433e-03	-3.935768e-03	-1.155830e-02	 2.295702e-06	 4.223616e-05	-2.232610e-04	 1.861101e-02	-2.208102e-12	-3.162171e-03	-3.599061e-02	-5.714357e-04	-2.776968e-05	 1.076169e-03	 3.309354e-02	
 2.191650e-06	 4.379387e-05	-1.108073e-05	 1.521395e-04	 1.139709e-04	 4.535703e-05	-2.319164e-03	 2.375850e-03	 2.699444e-03	 4.222186e-04	 2.972286e-02	-3.932411e-03	-1.977608e-02	 6.036604e-01	 1.333895e-01	-3.337515e-02	 5.321908e-02	-1.144562e-02	 1.329665e-02	 1.096943e-02	 3.033141e-02	 4.025610e-02	-5.342823e-04	-8.307977e-05	 2.999188e-04	 2.682939e-05	 1.659719e-04	 4.429497e-04	-3.682482e-06	 4.006738e-06	 2.818281e-05	 1.446796e-02	 3.211600e-13	-2.415862e-03	-2.525413e-02	 1.098131e-04	-2.914071e-05	 4.426269e-04	 2.712033e-03	
 7.035052e-07	 1.093258e-06	-1.420291e-06	 4.712701e-05	 3.692488e-05	 2.107866e-05	-3.537541e-04	 4.365366e-04	 4.222186e-04	 1.458113e-04	-1.230914e-02	-3.258452e-04	-1.260677e-03	 6.052759e-02	 2.733492e-02	 9.613449e-03	 3.678075e-02	-4.964584e-03	 2.373199e-03	 9.360445e-04	 9.823590e-03	 2.323810e-02	-1.263828e-04	 1.691491e-05	 8.479814e-05	 2.046206e-05	-1.393424e-04	 4.675393e-05	-8.921177e-07	 3.980303e-07	 6.669914e-06	 4.776689e-03	 1.001345e-13	-4.526782e-04	-2.820968e-03	 1.025008e-05	-3.669298e-05	 7.003515e-05	 4.543318e-04	
-7.954607e-05	 1.317584e-03	-5.088083e-04	-8.306801e-03	-6.617878e-03	-2.875473e-03	 1.664518e-02	 2.453669e-01	 2.972286e-02	-1.230914e-02	 4.091265e+01	-3.803192e-01	-5.461402e-01	 3.180890e+01	 1.023498e+00	-1.084763e+01	-4.707673e+01	 4.992234e-01	-1.034445e+00	-2.221517e-02	-7.885079e+00	-3.653118e+01	 2.710245e-02	 1.948252e-02	 4.561192e-02	 3.095264e-02	 6.011374e-02	-1.482078e-02	 4.126799e-04	 2.897045e-04	-4.247819e-05	-3.577102e-01	-1.787302e-11	-1.743827e-03	-4.123534e-01	-3.274954e-03	 5.556408e-03	 8.056998e-03	 1.525829e-01	
-2.288114e-06	-6.629180e-05	 2.503793e-05	-5.631799e-04	-1.421312e-04	-3.151708e-04	 4.130957e-03	-3.221713e-03	-3.932411e-03	-3.258452e-04	-3.803192e-01	 7.815220e-02	 1.622319e-02	-1.864986e+00	 5.577329e-01	 1.757068e+00	 6.064802e-01	 9.448750e-02	-4.231900e-02	-4.480063e-02	 9.238814e-03	-5.060136e-02	 2.659392e-03	 3.892311e-04	-2.002228e-03	-1.026513e-03	-3.540003e-03	-5.189370e-03	 1.009777e-05	 1.023790e-05	-3.738577e-05	-1.656050e-02	-1.199564e-12	 3.167392e-03	 3.656311e-02	-3.238762e-04	 3.324495e-07	-6.289442e-04	-3.725168e-03	
 5.561422e-05	-8.038235e-04	 7.196276e-05	-1.625812e-03	 1.509748e-03	 1.294192e-03	-3.352351e-03	 1.765453e-02	-1.977608e-02	-1.260677e-03	-5.461402e-01	 1.622319e-02	 3.505919e+00	-3.514415e+01	-5.104302e+00	 5.586188e+00	 2.718923e+00	-2.405304e+00	-4.472309e-01	 7.845676e-03	 1.784577e+00	 1.468526e+00	 2.852179e-03	 2.294144e-04	 3.452140e-02	-2.987909e-03	 1.478920e-03	 7.934307e-03	 7.411549e-05	-1.646841e-04	-1.305066e-03	-1.147047e-02	-3.457976e-12	 2.017267e-02	 3.058631e-01	-1.400082e-03	-1.402751e-03	-5.037546e-03	-1.320832e-03	
-3.627671e-04	 1.522784e-02	-3.087951e-03	 7.784902e-02	-8.111458e-03	 7.672349e-03	-2.021502e-01	 6.052268e-02	 6.036604e-01	 6.052759e-02	 3.180890e+01	-1.864986e+00	-3.514415e+01	 8.245350e+02	 9.276082e+01	-6.029754e+01	-2.795990e+01	 9.769683e+00	 2.439574e+00	 8.356528e+00	-8.045952e+00	-1.052687e+01	 2.369434e-03	 4.873631e-02	-5.347185e-01	 1.582167e-01	 1.607282e-01	 4.533605e-01	 2.635330e-03	 1.471544e-03	 2.312488e-02	 2.056496e+00	 1.658811e-10	-5.573845e-01	-7.053330e+00	 3.915639e-02	 1.261872e-02	 1.289142e-01	 3.673510e-01	
-1.050322e-04	 2.418620e-03	-5.607051e-04	 6.914549e-03	-3.256170e-03	-3.270629e-03	-1.616936e-02	 2.721603e-01	 1.333895e-01	 2.733492e-02	 1.023498e+00	 5.577329e-01	-5.104302e+00	 9.276082e+01	 6.009866e+01	 3.186003e+01	 2.114153e+01	-2.023254e+00	 5.098157e-01	-2.612532e+00	 2.800220e+00	 3.918352e+00	 2.420969e-02	 1.245512e-03	 3.232969e-03	-6.595289e-03	-2.451804e-02	-5.356107e-02	-2.263746e-05	 6.663088e-04	 6.287454e-03	 7.447178e-01	 1.464900e-11	-1.230057e-01	-1.284140e+00	 4.794242e-04	-1.592583e-03	 2.960939e-02	 2.180773e-01	
 3.862917e-05	-1.374895e-03	 2.740204e-04	-3.807929e-03	 5.793418e-04	-2.793114e-03	 4.816975e-02	 8.389082e-02	-3.337515e-02	 9.613449e-03	-1.084763e+01	 1.757068e+00	 5.586188e+00	-6.029754e+01	 3.186003e+01	 7.491349e+01	 4.382378e+01	-7.764525e+00	-1.861957e+00	-2.557234e+00	 1.573009e+00	-5.574380e-01	 5.233391e-02	 4.496386e-03	 6.909003e-03	-1.684542e-02	-3.049951e-02	-2.548562e-02	 8.138026e-05	-4.551940e-04	 2.465469e-04	 1.318585e-01	-7.999331e-12	 2.284967e-02	 4.962681e-01	-5.611238e-03	-3.815233e-03	-3.975053e-03	 2.950151e-02	
 1.060984e-04	-4.473361e-04	 2.335572e-04	 2.134828e-02	 9.833204e-03	 1.917754e-03	-7.366779e-02	-2.356583e-01	 5.321908e-02	 3.678075e-02	-4.707673e+01	 6.064802e-01	 2.718923e+00	-2.795990e+01	 2.114153e+01	 4.382378e+01	 8.899094e+01	-8.484176e+00	 6.269945e-03	-5.405503e-01	 8.261517e+00	 3.437786e+01	-4.045353e-02	-2.574959e-02	-5.390555e-02	-2.513662e-02	-6.419334e-03	 6.326180e-02	-7.425003e-04	-1.175937e-03	 5.864593e-03	 1.040505e+00	 4.569434e-11	-7.961962e-02	-2.542661e-01	 7.883690e-03	-9.505655e-03	 6.775540e-03	-1.035056e-01	
-5.673961e-05	 2.205043e-04	 1.193763e-05	-4.938488e-03	-3.198791e-03	-1.900453e-03	 3.419064e-02	 6.630105e-02	-1.144562e-02	-4.964584e-03	 4.992234e-01	 9.448750e-02	-2.405304e+00	 9.769683e+00	-2.023254e+00	-7.764525e+00	-8.484176e+00	 5.181822e+00	 4.201419e-01	-3.086701e-01	-1.388781e+00	-1.120373e+00	 2.241307e-03	-3.324642e-03	-1.872028e-02	-1.225348e-02	-2.138038e-02	-8.914479e-02	 3.319325e-05	 3.108591e-04	-1.538537e-04	-1.766935e-01	-1.061301e-11	 1.093436e-02	 1.034116e-02	-2.124148e-03	 1.817260e-03	-1.441026e-04	 2.961845e-02	
 3.696004e-05	 9.309771e-05	-8.654429e-05	 4.868449e-04	 2.677730e-03	 2.185527e-03	-1.260418e-02	 1.123957e-01	 1.329665e-02	 2.373199e-03	-1.034445e+00	-4.231900e-02	-4.472309e-01	 2.439574e+00	 5.098157e-01	-1.861957e+00	 6.269945e-03	 4.201419e-01	 3.566253e+00	 5.805444e-01	 5.548623e-01	 2.130121e+00	-9.277672e-03	-1.189217e-02	-5.705292e-03	-1.926180e-02	-2.421089e-02	-7.433654e-02	 6.109959e-05	 5.836339e-05	-6.807487e-04	 1.290739e-01	 1.043265e-12	-1.417207e-02	-1.110630e-01	 6.553776e-04	-8.296984e-04	 2.514182e-03	 6.681360e-02	
-7.606913e-06	 1.568635e-04	-5.862201e-05	-1.043466e-03	 1.025502e-03	-7.163444e-04	-1.441267e-02	-2.554050e-02	 1.096943e-02	 9.360445e-04	-2.221517e-02	-4.480063e-02	 7.845676e-03	 8.356528e+00	-2.612532e+00	-2.557234e+00	-5.405503e-01	-3.086701e-01	 5.805444e-01	 2.746485e+00	 2.048531e+00	 2.336147e+00	-8.341872e-03	-1.068884e-02	-1.626403e-02	-1.976941e-03	 5.481251e-03	 3.820246e-02	-1.729771e-04	-7.416842e-05	 2.645564e-04	 5.106700e-02	-2.256508e-12	-8.185505e-03	-8.657373e-02	 9.775218e-05	-1.264923e-04	 1.391406e-03	-7.633867e-03	
 7.916061e-05	-3.691335e-04	-1.153925e-04	 1.177416e-04	 3.472124e-03	 1.286664e-03	-4.415964e-02	 8.004670e-02	 3.033141e-02	 9.823590e-03	-7.885079e+00	 9.238814e-03	 1.784577e+00	-8.045952e+00	 2.800220e+00	 1.573009e+00	 8.261517e+00	-1.388781e+00	 5.548623e-01	 2.048531e+00	 9.609764e+00	 1.925655e+01	-5.923725e-03	-1.393139e-02	 2.557778e-02	-8.571999e-03	-2.148075e-02	 4.595262e-02	-5.118866e-05	 3.945792e-04	 2.505695e-04	 4.043594e-01	 5.428891e-14	-2.683476e-02	-6.303915e-02	-9.234027e-04	-3.983217e-03	 3.049708e-03	 5.682733e-02	
 1.846610e-04	-1.391368e-03	 1.617861e-05	 1.375507e-02	 1.019204e-02	 8.165813e-03	-1.025486e-01	-1.319045e-02	 4.025610e-02	 2.323810e-02	-3.653118e+01	-5.060136e-02	 1.468526e+00	-1.052687e+01	 3.918352e+00	-5.574380e-01	 3.437786e+01	-1.120373e+00	 2.130121e+00	 2.336147e+00	 1.925655e+01	 5.723620e+01	-2.677371e-02	-2.685854e-02	 7.174906e-03	-3.263858e-02	-5.485272e-02	 2.090249e-01	-3.402825e-04	 1.055758e-03	 1.124033e-03	 8.988134e-01	 2.916174e-11	-4.494392e-02	 1.195380e-01	 4.304725e-03	-1.002960e-02	 7.619187e-04	 6.485331e-03	
-3.926841e-07	-1.135104e-05	 2.375924e-06	 3.070791e-05	-3.670938e-05	 1.411654e-05	 7.331380e-05	-5.762472e-04	-5.342823e-04	-1.263828e-04	 2.710245e-02	 2.659392e-03	 2.852179e-03	 2.369434e-03	 2.420969e-02	 5.233391e-02	-4.045353e-02	 2.241307e-03	-9.277672e-03	-8.341872e-03	-5.923725e-03	-2.677371e-02	 1.460394e-03	 4.381896e-04	 3.888256e-04	-2.164194e-04	-2.150075e-04	 1.068582e-03	 6.378597e-06	 2.768049e-06	 1.533562e-06	-4.669707e-03	 6.602353e-14	 6.993498e-04	 6.777449e-03	 6.726478e-06	 1.565898e-05	-1.202565e-04	-6.013846e-04	
 4.388821e-07	-7.256261e-06	 1.309490e-06	 1.114230e-04	-1.569931e-06	 4.611840e-05	-4.021547e-04	-1.719867e-03	-8.307977e-05	 1.691491e-05	 1.948252e-02	 3.892311e-04	 2.294144e-04	 4.873631e-02	 1.245512e-03	 4.496386e-03	-2.574959e-02	-3.324642e-03	-1.189217e-02	-1.068884e-02	-1.393139e-02	-2.685854e-02	 4.381896e-04	 9.907642e-04	 3.805331e-04	 7.715531e-04	 1.122195e-04	 4.850360e-04	 3.751236e-06	-8.358056e-08	 2.339785e-06	 5.025102e-04	 2.391896e-13	 1.322823e-04	 2.627047e-03	 3.999621e-05	-1.818735e-05	-5.268970e-05	-9.845314e-04	
 1.161677e-06	-8.671067e-06	-1.150765e-06	-1.377479e-04	 4.936171e-05	 8.744835e-06	-5.997951e-04	 3.361709e-03	 2.999188e-04	 8.479814e-05	 4.561192e-02	-2.002228e-03	 3.452140e-02	-5.347185e-01	 3.232969e-03	 6.909003e-03	-5.390555e-02	-1.872028e-02	-5.705292e-03	-1.626403e-02	 2.557778e-02	 7.174906e-03	 3.888256e-04	 3.805331e-04	 8.030943e-03	-7.047117e-04	-3.290897e-04	 3.176229e-03	 9.364654e-08	 9.816911e-06	-3.262523e-05	 3.536285e-03	-2.940273e-13	-1.070027e-04	 1.384834e-03	-6.464507e-05	-4.479694e-05	 1.011098e-05	 1.906647e-03	
 8.221852e-07	-1.415242e-06	 2.045461e-06	 1.062236e-04	-5.161467e-06	 2.887925e-05	-2.890070e-04	-1.767433e-03	 2.682939e-05	 2.046206e-05	 3.095264e-02	-1.026513e-03	-2.987909e-03	 1.582167e-01	-6.595289e-03	-1.684542e-02	-2.513662e-02	-1.225348e-02	-1.926180e-02	-1.976941e-03	-8.571999e-03	-3.263858e-02	-2.164194e-04	 7.715531e-04	-7.047117e-04	 2.770307e-03	 7.770788e-04	-4.939584e-04	 3.418366e-06	-3.225725e-06	 1.065275e-05	 1.627113e-03	 2.283321e-13	-1.241829e-04	-1.536673e-04	 4.202353e-05	-1.480402e-05	-1.858278e-05	-9.321590e-04	
-1.241938e-06	 4.710474e-06	-1.727180e-06	 2.551531e-04	-5.158281e-05	 3.478830e-05	-1.177293e-03	-3.935768e-03	 1.659719e-04	-1.393424e-04	 6.011374e-02	-3.540003e-03	 1.478920e-03	 1.607282e-01	-2.451804e-02	-3.049951e-02	-6.419334e-03	-2.138038e-02	-2.421089e-02	 5.481251e-03	-2.148075e-02	-5.485272e-02	-2.150075e-04	 1.122195e-04	-3.290897e-04	 7.770788e-04	 6.036635e-03	 9.589241e-03	 9.495419e-07	-5.978144e-06	 7.024243e-05	-4.152419e-03	 5.448520e-13	 2.630703e-04	 1.023451e-04	 1.446188e-04	 4.182811e-05	-5.504271e-05	-2.050285e-03	
-7.840709e-07	-2.909463e-05	-3.021589e-06	 1.147914e-03	 9.041866e-05	 3.864977e-04	-3.369358e-03	-1.155830e-02	 4.429497e-04	 4.675393e-05	-1.482078e-02	-5.189370e-03	 7.934307e-03	 4.533605e-01	-5.356107e-02	-2.548562e-02	 6.326180e-02	-8.914479e-02	-7.433654e-02	 3.820246e-02	 4.595262e-02	 2.090249e-01	 1.068582e-03	 4.850360e-04	 3.176229e-03	-4.939584e-04	 9.589241e-03	 6.959919e-02	-7.313242e-07	 5.994290e-07	 1.765438e-04	 2.619556e-03	 2.453689e-12	 5.456295e-04	 1.012885e-02	 4.847217e-04	-8.343061e-05	-1.497100e-04	-6.030922e-03	
-2.968227e-09	-8.912011e-08	 1.011328e-08	 2.905523e-08	-4.119595e-07	 1.374672e-07	 2.850515e-06	 2.295702e-06	-3.682482e-06	-8.921177e-07	 4.126799e-04	 1.009777e-05	 7.411549e-05	 2.635330e-03	-2.263746e-05	 8.138026e-05	-7.425003e-04	 3.319325e-05	 6.109959e-05	-1.729771e-04	-5.118866e-05	-3.402825e-04	 6.378597e-06	 3.751236e-06	 9.364654e-08	 3.418366e-06	 9.495419e-07	-7.313242e-07	 3.015355e-07	 1.157826e-08	-1.009941e-07	-2.148027e-05	 4.160560e-17	 4.207929e-06	 4.599492e-05	-2.269446e-07	-2.843001e-09	-6.429876e-07	-7.389073e-07	
 4.326139e-09	 7.874374e-08	-2.053434e-08	-1.499732e-06	 2.527318e-07	-1.795180e-07	 2.574314e-06	 4.223616e-05	 4.006738e-06	 3.980303e-07	 2.897045e-04	 1.023790e-05	-1.646841e-04	 1.471544e-03	 6.663088e-04	-4.551940e-04	-1.175937e-03	 3.108591e-04	 5.836339e-05	-7.416842e-05	 3.945792e-04	 1.055758e-03	 2.768049e-06	-8.358056e-08	 9.816911e-06	-3.225725e-06	-5.978144e-06	 5.994290e-07	 1.157826e-08	 3.701394e-07	-3.178635e-07	 1.935202e-05	-3.208093e-15	-3.763125e-06	-4.261706e-05	-6.068925e-07	 8.514718e-09	 1.075412e-06	 2.476539e-05	
-4.589667e-08	-1.149376e-07	-1.075428e-07	 1.737793e-05	-3.000925e-07	-5.737295e-07	-6.157876e-05	-2.232610e-04	 2.818281e-05	 6.669914e-06	-4.247819e-05	-3.738577e-05	-1.305066e-03	 2.312488e-02	 6.287454e-03	 2.465469e-04	 5.864593e-03	-1.538537e-04	-6.807487e-04	 2.645564e-04	 2.505695e-04	 1.124033e-03	 1.533562e-06	 2.339785e-06	-3.262523e-05	 1.065275e-05	 7.024243e-05	 1.765438e-04	-1.009941e-07	-3.178635e-07	 8.024444e-06	 2.420020e-04	 3.701606e-14	-1.653200e-05	-5.158225e-05	 7.362920e-06	-2.399934e-06	 9.570591e-07	-1.066413e-04	
 2.938383e-05	-1.379356e-05	-5.289715e-05	 1.769404e-03	 1.482149e-03	 8.936749e-04	-1.270326e-02	 1.861101e-02	 1.446796e-02	 4.776689e-03	-3.577102e-01	-1.656050e-02	-1.147047e-02	 2.056496e+00	 7.447178e-01	 1.318585e-01	 1.040505e+00	-1.766935e-01	 1.290739e-01	 5.106700e-02	 4.043594e-01	 8.988134e-01	-4.669707e-03	 5.025102e-04	 3.536285e-03	 1.627113e-03	-4.152419e-03	 2.619556e-03	-2.148027e-05	 1.935202e-05	 2.420020e-04	 1.840820e-01	 3.760052e-12	-1.605541e-02	-8.740103e-02	 3.104119e-04	-1.522770e-03	 2.378321e-03	 1.747157e-02	
 1.419766e-15	-9.825721e-15	-1.170357e-15	 4.060694e-13	 5.212456e-14	 1.668835e-13	-1.415764e-12	-2.208102e-12	 3.211600e-13	 1.001345e-13	-1.787302e-11	-1.199564e-12	-3.457976e-12	 1.658811e-10	 1.464900e-11	-7.999331e-12	 4.569434e-11	-1.061301e-11	 1.043265e-12	-2.256508e-12	 5.428891e-14	 2.916174e-11	 6.602353e-14	 2.391896e-13	-2.940273e-13	 2.283321e-13	 5.448520e-13	 2.453689e-12	 4.160560e-17	-3.208093e-15	 3.701606e-14	 3.760052e-12	 8.670685e-22	-1.033687e-13	 1.623671e-12	 1.705707e-13	-4.933196e-14	-3.616292e-14	-1.046508e-12	
-2.166430e-06	-4.375936e-05	 9.483626e-06	-4.928730e-05	-1.175764e-04	-3.367010e-06	 1.210897e-03	-3.162171e-03	-2.415862e-03	-4.526782e-04	-1.743827e-03	 3.167392e-03	 2.017267e-02	-5.573845e-01	-1.230057e-01	 2.284967e-02	-7.961962e-02	 1.093436e-02	-1.417207e-02	-8.185505e-03	-2.683476e-02	-4.494392e-02	 6.993498e-04	 1.322823e-04	-1.070027e-04	-1.241829e-04	 2.630703e-04	 5.456295e-04	 4.207929e-06	-3.763125e-06	-1.653200e-05	-1.605541e-02	-1.033687e-13	 2.547809e-03	 2.565369e-02	-4.305162e-05	 4.259059e-05	-4.726588e-04	-2.999911e-03	
-7.796694e-06	-6.999305e-04	 1.087015e-04	 7.533836e-04	-5.161932e-04	 6.995952e-04	 7.764484e-03	-3.599061e-02	-2.525413e-02	-2.820968e-03	-4.123534e-01	 3.656311e-02	 3.058631e-01	-7.053330e+00	-1.284140e+00	 4.962681e-01	-2.542661e-01	 1.034116e-02	-1.110630e-01	-8.657373e-02	-6.303915e-02	 1.195380e-01	 6.777449e-03	 2.627047e-03	 1.384834e-03	-1.536673e-04	 1.023451e-04	 1.012885e-02	 4.599492e-05	-4.261706e-05	-5.158225e-05	-8.740103e-02	 1.623671e-12	 2.565369e-02	 3.257735e-01	-4.040391e-04	-6.946868e-04	-5.356988e-03	-3.321468e-02	
 2.763508e-07	 3.669279e-07	-2.588326e-07	 7.988013e-05	 1.086167e-05	 3.034938e-05	-3.707177e-04	-5.714357e-04	 1.098131e-04	 1.025008e-05	-3.274954e-03	-3.238762e-04	-1.400082e-03	 3.915639e-02	 4.794242e-04	-5.611238e-03	 7.883690e-03	-2.124148e-03	 6.553776e-04	 9.775218e-05	-9.234027e-04	 4.304725e-03	 6.726478e-06	 3.999621e-05	-6.464507e-05	 4.202353e-05	 1.446188e-04	 4.847217e-04	-2.269446e-07	-6.068925e-07	 7.362920e-06	 3.104119e-04	 1.705707e-13	-4.305162e-05	-4.040391e-04	 4.199143e-05	-1.453004e-06	-4.350067e-06	-2.549987e-04	
-2.746889e-07	 3.649983e-06	 5.485697e-08	-2.316222e-05	-1.320552e-05	-1.332152e-05	 9.831699e-05	-2.776968e-05	-2.914071e-05	-3.669298e-05	 5.556408e-03	 3.324495e-07	-1.402751e-03	 1.261872e-02	-1.592583e-03	-3.815233e-03	-9.505655e-03	 1.817260e-03	-8.296984e-04	-1.264923e-04	-3.983217e-03	-1.002960e-02	 1.565898e-05	-1.818735e-05	-4.479694e-05	-1.480402e-05	 4.182811e-05	-8.343061e-05	-2.843001e-09	 8.514718e-09	-2.399934e-06	-1.522770e-03	-4.933196e-14	 4.259059e-05	-6.946868e-04	-1.453004e-06	 1.969244e-05	 1.233781e-06	-2.578777e-05	
 1.426086e-07	 1.036741e-05	-2.218611e-06	-1.680261e-05	 1.175089e-05	-9.441487e-06	-3.564760e-05	 1.076169e-03	 4.426269e-04	 7.003515e-05	 8.056998e-03	-6.289442e-04	-5.037546e-03	 1.289142e-01	 2.960939e-02	-3.975053e-03	 6.775540e-03	-1.441026e-04	 2.514182e-03	 1.391406e-03	 3.049708e-03	 7.619187e-04	-1.202565e-04	-5.268970e-05	 1.011098e-05	-1.858278e-05	-5.504271e-05	-1.497100e-04	-6.429876e-07	 1.075412e-06	 9.570591e-07	 2.378321e-03	-3.616292e-14	-4.726588e-04	-5.356988e-03	-4.350067e-06	 1.233781e-06	 1.033381e-04	 8.217051e-04	
 5.742270e-06	 5.346940e-05	-2.486636e-05	-4.888926e-04	 1.939566e-04	 4.954072e-05	 2.012709e-03	 3.309354e-02	 2.712033e-03	 4.543318e-04	 1.525829e-01	-3.725168e-03	-1.320832e-03	 3.673510e-01	 2.180773e-01	 2.950151e-02	-1.035056e-01	 2.961845e-02	 6.681360e-02	-7.633867e-03	 5.682733e-02	 6.485331e-03	-6.013846e-04	-9.845314e-04	 1.906647e-03	-9.321590e-04	-2.050285e-03	-6.030922e-03	-7.389073e-07	 2.476539e-05	-1.066413e-04	 1.747157e-02	-1.046508e-12	-2.999911e-03	-3.321468e-02	-2.549987e-04	-2.578777e-05	 8.217051e-04	 1.922905e-02	
