#          omega_b,        omega_cdm,               H0,     ln10^{10}A_s,              n_s,         tau_reio, parameters_smg__2,         indexg_V,       thetai_scf,                M,        A_cib_217,        xi_sz_cib,             A_sz,     ps_A_100_100,     ps_A_143_143,     ps_A_143_217,     ps_A_217_217,         ksz_norm,     gal545_A_100,     gal545_A_143, gal545_A_143_217,     gal545_A_217,    galf_TE_A_100, galf_TE_A_100_143, galf_TE_A_100_217,    galf_TE_A_143, galf_TE_A_143_217,    galf_TE_A_217,       calib_100T,       calib_217T,         A_planck,              yp2,            Kappa, Dl_Poisson_90x90, Dl_Poisson_90x150, Dl_Poisson_90x220, Dl_Poisson_150x150, Dl_Poisson_150x220, Dl_Poisson_220x220,     ADust_TE_150,     AlphaDust_TE,     ADust_EE_150,     AlphaDust_EE,        MapTcal90,       MapTcal150,       MapTcal220,        MapPcal90,       MapPcal150,       MapPcal220,      100*theta_s,              A_s,              age,           rs_rec,           sigma8,          Omega_m,             fEDE,         log10z_c
 2.982438e-08	 3.454696e-07	 1.416293e-04	 5.979723e-07	 6.283912e-07	 9.314632e-08	 5.746423e-07	-6.038367e-06	 1.058497e-05	 4.130107e-06	-8.791013e-05	 3.971158e-07	-9.562265e-06	-3.809097e-04	-4.205551e-04	-2.590466e-04	 2.734402e-04	-5.576716e-06	-5.038484e-06	-1.011548e-05	-6.758193e-06	 2.050312e-05	-2.085109e-08	 8.015643e-08	-1.240947e-07	 1.299623e-07	-5.205449e-07	-2.145611e-06	 3.323698e-09	 3.319315e-10	 1.224048e-08	 2.243526e-10	-1.358814e-09	 2.247556e-08	 1.693176e-09	-2.499495e-09	 6.769611e-09	-3.895247e-09	-2.332473e-08	-9.237585e-07	-7.275394e-08	-8.117812e-09	-6.789086e-08	-3.097710e-08	-4.176183e-08	-3.476029e-08	 1.244823e-08	 9.739100e-09	-4.912891e-09	-1.688492e-08	 1.273052e-15	-2.025852e-05	-1.894521e-04	 1.127569e-07	-4.698066e-07	 2.631300e-06	 8.435149e-07	
 3.454696e-07	 2.801471e-05	 6.608342e-03	 3.156278e-05	 2.487159e-05	-4.522158e-06	 7.549095e-05	-3.523968e-04	 6.085684e-04	 2.000606e-04	-1.026513e-03	 1.038115e-05	-3.100764e-04	-1.478432e-02	-6.735719e-03	 5.612651e-04	 6.989686e-03	-5.126382e-04	-3.781513e-04	-1.301005e-04	-4.779433e-04	-2.262275e-04	 3.334783e-06	-1.571510e-07	-3.147378e-06	 1.179487e-05	 5.034717e-06	 1.199814e-05	 1.979987e-07	 5.509541e-08	 1.187188e-06	 3.783754e-08	 3.108493e-09	 1.086551e-06	-1.105842e-07	 4.816881e-08	-4.198140e-07	-3.942076e-07	-1.304588e-06	-2.180278e-05	 1.599338e-06	-5.717576e-07	-1.349394e-06	 8.359558e-08	 2.668254e-07	 6.889631e-07	-7.283448e-07	-8.622152e-07	-5.978409e-07	-1.636044e-06	 6.718508e-14	-1.201323e-03	-1.282340e-02	 2.058953e-05	-7.231065e-07	 1.790306e-04	 4.124774e-05	
 1.416293e-04	 6.608342e-03	 2.032926e+00	 8.288287e-03	 8.020830e-03	-1.484767e-04	 1.897817e-02	-9.528026e-02	 1.606051e-01	 6.028635e-02	-2.983837e-01	 5.707753e-04	-8.784176e-02	-4.899416e+00	-2.392461e+00	-9.968805e-01	 1.117635e+00	-1.349003e-01	-9.467585e-02	-5.392575e-02	-1.544543e-01	-7.752369e-02	 6.480508e-04	 2.916151e-04	-7.162856e-04	 2.424848e-03	-9.860977e-04	-5.676446e-03	 4.766603e-05	 4.440110e-06	 2.784891e-04	-5.971900e-05	 6.076876e-06	 4.368213e-04	 3.220976e-05	 4.111594e-05	-9.293267e-05	-6.237760e-05	-2.439134e-04	-5.900284e-03	 4.296443e-04	 1.305872e-04	-1.886803e-04	-2.283521e-05	 8.010316e-06	 7.891817e-05	-1.503280e-04	-2.241147e-04	-2.327847e-04	-3.843938e-04	 1.765199e-11	-3.224830e-01	-3.221899e+00	 3.601672e-03	-4.089761e-03	 4.678526e-02	 9.466321e-03	
 5.979723e-07	 3.156278e-05	 8.288287e-03	 2.797734e-04	 3.909911e-05	 1.082643e-04	 8.857425e-05	-3.293729e-04	 6.795665e-04	 2.473011e-04	 1.454874e-03	 7.343511e-05	-1.344389e-03	-5.457158e-02	-3.195362e-02	-2.318573e-02	-2.322919e-03	-1.010695e-03	-1.624084e-04	-3.765897e-04	-8.358621e-04	-1.499693e-03	 5.924985e-06	 7.226058e-06	-1.625086e-05	 4.257349e-05	 3.423823e-05	 6.457128e-05	 6.072430e-07	 2.674279e-07	 7.801776e-06	-2.184837e-06	-3.697384e-08	 4.022082e-07	-9.104178e-07	 4.660198e-07	-2.227337e-06	 7.853132e-07	 5.787504e-06	-6.598983e-05	 3.902696e-06	-8.440862e-06	 9.518372e-06	-1.222869e-06	-1.857417e-06	-1.664553e-06	 9.818289e-06	 9.473653e-06	 1.154793e-05	-1.598206e-06	 5.929164e-13	-1.415327e-03	-1.470102e-02	 1.272390e-04	-7.539198e-06	 2.023485e-04	 7.302156e-05	
 6.283912e-07	 2.487159e-05	 8.020830e-03	 3.909911e-05	 5.504640e-05	 2.927285e-06	 8.572697e-05	-1.892331e-04	 5.717873e-04	 2.368039e-04	 2.350581e-03	 1.770876e-05	 1.917007e-04	-3.361439e-02	-1.052252e-02	-3.668069e-04	-7.031328e-03	-3.773349e-04	 3.279518e-04	 2.122555e-04	-5.265020e-05	-3.431316e-04	 2.616784e-06	 2.281061e-06	-1.493701e-05	 1.132598e-05	-1.058044e-05	-6.231034e-06	 1.142792e-07	 7.678413e-08	-7.991349e-07	-2.461324e-06	 6.063692e-08	 1.995817e-06	-4.235675e-07	 9.262554e-08	 2.956570e-08	-4.045536e-08	-2.026972e-07	-2.229913e-05	-4.839599e-07	 8.365304e-07	-2.349356e-06	 3.615160e-08	 1.306835e-07	 5.574441e-07	 2.304258e-06	 1.813531e-06	 1.803863e-06	-1.120663e-06	 8.323719e-14	-1.242861e-03	-1.222552e-02	 2.988356e-05	-1.834588e-05	 1.744191e-04	 1.090754e-04	
 9.314632e-08	-4.522158e-06	-1.484767e-04	 1.082643e-04	 2.927285e-06	 5.875599e-05	-1.640357e-05	 1.327950e-05	-6.317387e-05	-7.550953e-06	 1.522996e-03	 3.695324e-05	-2.812749e-04	-2.366853e-02	-9.744275e-03	-1.192594e-02	-7.339960e-03	-5.731111e-05	 3.302217e-04	-2.718317e-05	-1.050912e-04	-1.221773e-03	 1.035902e-06	 3.785912e-06	-5.820628e-06	 1.117938e-05	 1.355613e-05	 1.270790e-05	 1.000283e-07	 9.475664e-08	-3.567857e-07	 8.568608e-07	-7.826220e-08	-6.275432e-07	-2.664525e-07	 3.613857e-07	-8.613600e-07	 7.974874e-07	 3.325711e-06	-1.849960e-05	 1.134234e-07	-2.866118e-06	 4.755470e-06	-1.151230e-06	-1.626123e-06	-2.069572e-06	 2.345008e-06	 2.423785e-06	 3.091036e-06	 2.265034e-07	 2.291785e-13	 1.228187e-04	 1.726553e-03	 4.063851e-05	-7.409958e-06	-2.216435e-05	-2.002218e-05	
 5.746423e-07	 7.549095e-05	 1.897817e-02	 8.857425e-05	 8.572697e-05	-1.640357e-05	 2.800325e-04	-6.466092e-04	 1.541777e-03	 5.721567e-04	 9.792931e-04	-5.061367e-05	-3.703036e-04	 1.463073e-02	 1.051063e-02	 1.917278e-02	 1.257602e-02	-1.254780e-03	-7.643728e-04	 2.754189e-04	-1.242365e-03	-1.273779e-03	 1.256728e-05	-3.693203e-06	 7.494361e-07	 2.649169e-05	 1.862279e-06	 4.821235e-05	 5.795166e-07	-7.658206e-10	 2.881769e-06	-2.740071e-06	 3.452342e-07	 5.187754e-06	-7.069238e-07	-1.037174e-07	-8.136683e-07	-1.284333e-06	-4.243703e-06	-3.495117e-05	 6.243590e-06	-1.206194e-06	 1.485405e-06	 2.785615e-07	 1.368444e-06	 2.868266e-06	-1.605623e-07	-9.384270e-07	-2.428879e-07	-3.983728e-06	 1.885994e-13	-3.333295e-03	-3.493960e-02	 7.068593e-05	-1.252437e-05	 4.953358e-04	 2.418004e-04	
-6.038367e-06	-3.523968e-04	-9.528026e-02	-3.293729e-04	-1.892331e-04	 1.327950e-05	-6.466092e-04	 9.921182e-03	-9.787501e-03	-2.873092e-03	 7.012847e-02	-7.880829e-04	 3.262028e-03	 7.544307e-01	 3.137480e-01	 1.590253e-01	-1.638085e-01	 8.901737e-03	 1.097490e-02	 6.201218e-03	 7.791865e-03	-3.546966e-03	 5.384279e-06	-1.486046e-05	-1.067153e-05	-1.839999e-04	-1.515221e-04	 1.185900e-04	-2.453855e-06	-5.394445e-07	-4.812129e-06	-3.925015e-05	 1.469195e-06	-1.401516e-05	-8.949802e-06	-1.583217e-06	 7.087808e-06	 1.026807e-05	 2.945002e-05	 2.141775e-04	-1.502812e-05	-2.960956e-06	 1.957253e-06	-1.013253e-05	-1.785831e-05	-1.132581e-05	 3.404968e-05	 3.017297e-05	 3.419316e-05	 2.654772e-05	-6.996309e-13	 1.629440e-02	 1.691898e-01	 4.712769e-05	 1.085544e-04	-2.527317e-03	 1.319462e-03	
 1.058497e-05	 6.085684e-04	 1.606051e-01	 6.795665e-04	 5.717873e-04	-6.317387e-05	 1.541777e-03	-9.787501e-03	 1.472918e-02	 4.828311e-03	-4.313172e-02	 3.442914e-04	-8.961381e-03	-6.216706e-01	-3.280469e-01	-1.331183e-01	 1.510612e-01	-1.325153e-02	-1.063496e-02	-5.373296e-03	-1.181865e-02	-1.522579e-03	 4.550303e-05	 6.658443e-06	-5.689334e-05	 2.655365e-04	 6.278185e-05	-1.853015e-04	 4.225379e-06	 1.262950e-06	 2.836342e-05	 9.399314e-06	-1.031795e-06	 2.126823e-05	 3.646948e-06	 1.623427e-06	-8.184166e-06	-7.235341e-06	-3.515447e-05	-4.747153e-04	 2.289082e-05	-1.538402e-06	-3.021842e-05	-4.658899e-07	 5.180930e-06	 9.713348e-06	-2.091782e-05	-2.278946e-05	-2.252106e-05	-3.855734e-05	 1.445340e-12	-2.765272e-02	-2.877619e-01	 3.043330e-04	-1.539340e-04	 4.121352e-03	 4.906997e-04	
 4.130107e-06	 2.000606e-04	 6.028635e-02	 2.473011e-04	 2.368039e-04	-7.550953e-06	 5.721567e-04	-2.873092e-03	 4.828311e-03	 1.804765e-03	-8.962766e-03	 2.188265e-05	-2.602972e-03	-1.462344e-01	-6.719533e-02	-2.024724e-02	 4.694465e-02	-3.995519e-03	-2.720332e-03	-1.600437e-03	-4.671950e-03	-2.628969e-03	 2.130662e-05	 7.971202e-06	-1.917036e-05	 7.457130e-05	-3.246143e-05	-1.506463e-04	 1.429290e-06	 9.526550e-08	 8.352346e-06	-1.663609e-06	 1.829351e-07	 1.181564e-05	 9.199346e-07	 1.014887e-06	-2.634496e-06	-2.053489e-06	-7.847261e-06	-1.671270e-04	 1.366099e-05	 2.665110e-06	-6.655188e-06	-4.325852e-07	 5.833198e-07	 2.629764e-06	-4.902543e-06	-7.096990e-06	-7.404132e-06	-1.164987e-05	 5.266408e-13	-9.663115e-03	-9.706004e-02	 1.111389e-04	-1.134109e-04	 1.405744e-03	 2.844758e-04	
-8.791013e-05	-1.026513e-03	-2.983837e-01	 1.454874e-03	 2.350581e-03	 1.522996e-03	 9.792931e-04	 7.012847e-02	-4.313172e-02	-8.962766e-03	 3.312196e+02	-1.756742e-02	 2.725437e+00	 2.579037e+02	 2.965347e+02	 5.706631e+02	-1.106860e+03	-9.236558e-01	 1.142727e+00	-1.699479e-01	-3.037089e+01	-1.011540e+02	 1.868196e-02	 1.235026e-02	 2.964539e-03	 1.530239e-02	 2.899677e-02	 2.143493e-02	-1.009813e-03	 1.375058e-03	 1.912492e-03	-8.721076e-04	 2.793718e-05	 2.932408e-03	 8.108632e-05	 4.631410e-05	-2.781140e-04	-2.537236e-04	 1.207933e-03	-2.214141e-02	-1.356767e-03	-3.636967e-03	-7.268360e-04	 6.500663e-04	-2.381810e-04	-6.386119e-04	 2.257080e-05	 5.824490e-04	 1.655257e-03	 2.012051e-04	 2.985360e-12	 5.338553e-02	 5.667179e-01	 4.034548e-03	 3.834591e-04	-8.691340e-03	 1.847832e-02	
 3.971158e-07	 1.038115e-05	 5.707753e-04	 7.343511e-05	 1.770876e-05	 3.695324e-05	-5.061367e-05	-7.880829e-04	 3.442914e-04	 2.188265e-05	-1.756742e-02	 8.059474e-02	 2.680411e-02	-1.454057e+00	 7.325965e-01	 2.816903e+00	-6.947470e-01	 2.422371e-03	-2.138875e-02	-3.668933e-03	 5.204625e-04	-5.222318e-02	 7.959689e-05	-1.575781e-04	 2.985096e-04	-2.278880e-04	 4.031243e-06	-1.402278e-04	 4.110048e-06	-1.056046e-06	-1.327591e-05	 1.580177e-06	 3.712920e-07	-3.967411e-05	 1.108276e-05	 2.392132e-06	 1.033158e-05	 8.926127e-06	 4.651087e-05	-4.181771e-04	 4.555865e-05	 1.932357e-05	-3.476184e-05	-9.803738e-06	 1.229200e-05	 2.097218e-05	 1.495480e-05	 1.139091e-05	 4.184001e-05	-2.127550e-07	 1.545654e-13	-3.074336e-04	-4.291450e-03	 3.309487e-05	 1.764408e-05	 5.195308e-05	-2.648292e-04	
-9.562265e-06	-3.100764e-04	-8.784176e-02	-1.344389e-03	 1.917007e-04	-2.812749e-04	-3.703036e-04	 3.262028e-03	-8.961381e-03	-2.602972e-03	 2.725437e+00	 2.680411e-02	 7.243868e+00	-5.548404e+01	 9.474465e+00	 5.338224e+01	 2.256754e+00	-1.026304e-01	-2.022776e-01	 1.886472e-01	 1.209620e+00	 1.294112e+00	-5.650789e-04	-1.632558e-03	 8.955445e-04	-2.680694e-04	 2.305753e-03	 4.725794e-03	 1.237127e-04	-4.616058e-05	 3.584784e-05	-1.526542e-04	 1.593378e-05	-3.965837e-04	-2.082239e-05	 1.539559e-05	 1.225447e-05	 1.163743e-04	-5.121138e-04	 2.662703e-03	 4.293445e-04	-1.796253e-04	-2.329601e-04	-8.463639e-05	 6.861896e-05	 1.411597e-04	-3.691785e-05	-7.692151e-06	-4.267144e-04	 5.691745e-05	-2.835676e-12	 1.471677e-02	 1.550318e-01	-2.407305e-04	 1.261711e-04	-2.165317e-03	-1.728624e-03	
-3.809097e-04	-1.478432e-02	-4.899416e+00	-5.457158e-02	-3.361439e-02	-2.366853e-02	 1.463073e-02	 7.544307e-01	-6.216706e-01	-1.462344e-01	 2.579037e+02	-1.454057e+00	-5.548404e+01	 9.154323e+03	 3.646760e+03	 1.527189e+03	-1.289282e+02	-8.141041e+00	-1.887518e+01	 1.109906e+01	 9.065629e+00	-1.486027e+01	 3.629371e-02	 3.675993e-02	 1.302134e-01	-1.045003e-02	-2.305816e-02	 4.704860e-03	 9.449489e-03	-4.474084e-04	 1.315460e-02	 1.535993e-03	 1.961060e-04	 2.562172e-02	 5.131630e-03	-2.720477e-03	 3.985366e-03	-3.003549e-04	 5.307198e-03	 5.926189e-02	-2.507317e-02	 8.701771e-04	-3.144177e-02	 2.303359e-03	-5.019894e-03	 8.277048e-04	-1.310302e-02	-1.280004e-02	-6.437915e-03	 2.903702e-03	-1.161136e-10	 7.634102e-01	 7.780898e+00	-5.813954e-03	 1.195238e-02	-1.260280e-01	 1.390581e-01	
-4.205551e-04	-6.735719e-03	-2.392461e+00	-3.195362e-02	-1.052252e-02	-9.744275e-03	 1.051063e-02	 3.137480e-01	-3.280469e-01	-6.719533e-02	 2.965347e+02	 7.325965e-01	 9.474465e+00	 3.646760e+03	 7.206373e+03	 4.053687e+03	 4.092330e+02	-6.538101e+00	 8.176424e+00	-1.882381e+01	 3.840432e+01	 5.424254e+01	 2.893335e-02	 2.455725e-02	 1.248595e-02	 1.921581e-02	-6.091967e-02	 2.017216e-01	-8.155464e-03	-2.417626e-03	 9.951832e-03	-5.253646e-03	 1.393875e-04	 1.428687e-02	 6.100977e-03	-1.326632e-04	-1.308725e-03	-1.650797e-03	 2.625391e-03	 4.850340e-02	 2.672043e-04	-2.355286e-02	 1.429969e-02	-1.341709e-03	 7.441942e-04	-2.622455e-03	-8.979392e-03	-5.693864e-03	 1.541401e-03	 1.531434e-03	-6.831430e-11	 3.783936e-01	 3.816146e+00	-4.429254e-03	 6.465831e-03	-5.772612e-02	 1.795963e-02	
-2.590466e-04	 5.612651e-04	-9.968805e-01	-2.318573e-02	-3.668069e-04	-1.192594e-02	 1.917278e-02	 1.590253e-01	-1.331183e-01	-2.024724e-02	 5.706631e+02	 2.816903e+00	 5.338224e+01	 1.527189e+03	 4.053687e+03	 7.066630e+03	 2.892157e+03	-2.331739e+00	 4.684131e+00	-2.667927e+00	-9.003963e+01	-1.574904e+02	 5.899106e-02	 2.566743e-02	 2.256317e-02	 3.066447e-02	 1.294936e-01	 4.001610e-01	-4.637530e-03	 8.393610e-04	 4.694651e-03	-9.708787e-04	 5.079217e-04	-8.795625e-03	 8.166422e-03	 1.131471e-03	-3.452106e-03	-7.504361e-03	 2.722652e-03	 4.575912e-02	 2.494608e-03	-2.149000e-02	 4.769797e-03	-3.877673e-04	-7.913071e-04	-4.646267e-03	-5.857850e-03	-2.923963e-03	 7.176779e-03	 1.033525e-03	-4.962056e-11	 7.927520e-02	 4.483771e-01	 3.696645e-03	 9.301295e-03	-1.252931e-02	 1.840706e-02	
 2.734402e-04	 6.989686e-03	 1.117635e+00	-2.322919e-03	-7.031328e-03	-7.339960e-03	 1.257602e-02	-1.638085e-01	 1.510612e-01	 4.694465e-02	-1.106860e+03	-6.947470e-01	 2.256754e+00	-1.289282e+02	 4.092330e+02	 2.892157e+03	 1.208354e+04	 2.513383e+00	-1.408833e+00	 6.359520e+00	 3.242641e+01	 1.001537e+02	-3.159630e-02	-2.466520e-02	-3.467343e-02	-1.056602e-01	-2.780279e-02	 3.825810e-01	 9.069213e-04	 1.698007e-04	-5.457722e-03	 4.548821e-03	-1.897934e-04	-3.911082e-02	 1.954258e-03	 5.995017e-04	-3.581977e-03	-5.970330e-03	-1.421463e-02	 2.204340e-01	-7.351342e-03	-7.624297e-03	 1.124751e-02	 3.666679e-03	 1.678321e-03	-3.382472e-03	 9.860902e-05	-2.699735e-03	 4.144909e-03	-2.654278e-04	-4.747702e-12	-2.777921e-01	-3.216545e+00	-5.126053e-03	 4.802690e-03	 4.445357e-02	-3.395392e-02	
-5.576716e-06	-5.126382e-04	-1.349003e-01	-1.010695e-03	-3.773349e-04	-5.731111e-05	-1.254780e-03	 8.901737e-03	-1.325153e-02	-3.995519e-03	-9.236558e-01	 2.422371e-03	-1.026304e-01	-8.141041e+00	-6.538101e+00	-2.331739e+00	 2.513383e+00	 8.148429e+00	-3.141969e-02	 4.873263e-03	-3.494886e-02	 3.183267e-01	 4.152971e-04	-1.282228e-04	 4.195017e-03	-9.768535e-04	 2.033601e-03	 1.609750e-02	-4.068274e-05	 1.033618e-05	 1.163959e-04	 8.035488e-05	 1.593190e-05	 3.904712e-04	-2.317277e-05	-6.725340e-05	 1.731327e-05	-2.235086e-04	-3.670085e-04	-2.263501e-03	-1.681204e-04	-1.863001e-04	-2.365697e-04	-1.059320e-04	-4.455326e-05	-2.145496e-05	-1.682622e-04	-3.189860e-05	-5.679952e-04	 6.109252e-05	-2.141922e-12	 2.317736e-02	 2.455123e-01	-3.322711e-04	 1.214038e-04	-3.554015e-03	-5.966378e-04	
-5.038484e-06	-3.781513e-04	-9.467585e-02	-1.624084e-04	 3.279518e-04	 3.302217e-04	-7.643728e-04	 1.097490e-02	-1.063496e-02	-2.720332e-03	 1.142727e+00	-2.138875e-02	-2.022776e-01	-1.887518e+01	 8.176424e+00	 4.684131e+00	-1.408833e+00	-3.141969e-02	 3.397983e+00	 5.337758e-01	 1.638428e-01	-8.437003e-02	 2.389562e-04	 3.549041e-04	-1.931437e-03	 1.911831e-04	-1.525567e-03	-2.186553e-03	 1.040638e-04	 8.643641e-06	-6.930207e-05	 1.088727e-05	 1.117047e-05	 1.409725e-04	-1.254890e-04	-7.959771e-05	-1.057398e-04	-4.489840e-05	-8.028199e-04	 9.747106e-04	 7.916382e-04	-6.104572e-04	 1.617003e-04	-1.444493e-04	-3.358113e-06	-2.263384e-04	-1.041328e-04	-3.729359e-05	 1.710742e-04	 3.819299e-05	-3.474970e-13	 1.699218e-02	 1.816179e-01	 2.898780e-04	 5.379570e-05	-2.742064e-03	 1.360596e-03	
-1.011548e-05	-1.301005e-04	-5.392575e-02	-3.765897e-04	 2.122555e-04	-2.718317e-05	 2.754189e-04	 6.201218e-03	-5.373296e-03	-1.600437e-03	-1.699479e-01	-3.668933e-03	 1.886472e-01	 1.109906e+01	-1.882381e+01	-2.667927e+00	 6.359520e+00	 4.873263e-03	 5.337758e-01	 3.307994e+00	 2.431196e+00	 2.342246e+00	-1.832723e-04	 2.366856e-04	 1.697086e-03	 9.184657e-04	 1.299810e-03	-7.638732e-03	-1.260108e-04	-3.997545e-05	 2.395791e-05	 2.909332e-06	 1.007757e-05	 1.082064e-04	 1.192974e-07	 5.770154e-05	-2.037909e-05	 7.320676e-05	-5.012485e-04	-1.168441e-03	-6.761067e-04	 3.999705e-04	-2.271132e-06	-4.632386e-05	-8.574537e-05	 1.688764e-05	-4.406330e-05	-6.720038e-05	-9.370464e-05	 2.308983e-05	-7.998290e-13	 7.572507e-03	 7.279769e-02	 2.229669e-04	 1.850867e-04	-1.105377e-03	 1.184925e-03	
-6.758193e-06	-4.779433e-04	-1.544543e-01	-8.358621e-04	-5.265020e-05	-1.050912e-04	-1.242365e-03	 7.791865e-03	-1.181865e-02	-4.671950e-03	-3.037089e+01	 5.204625e-04	 1.209620e+00	 9.065629e+00	 3.840432e+01	-9.003963e+01	 3.242641e+01	-3.494886e-02	 1.638428e-01	 2.431196e+00	 1.711427e+01	 3.122664e+01	-1.234679e-03	-7.766071e-04	 1.898565e-03	-2.212821e-04	-5.359880e-03	 1.395402e-03	-4.464028e-05	 2.196678e-04	 1.414463e-04	-4.436835e-04	-3.154886e-05	-8.944239e-05	-3.830599e-04	-4.299577e-05	 1.340051e-04	 1.501082e-04	-1.379007e-04	 2.671487e-03	-1.034998e-03	 6.925346e-04	-4.590508e-05	-1.067039e-04	 1.349285e-04	-7.747605e-05	 2.044261e-04	 4.846961e-05	-5.248744e-06	 3.799394e-05	-1.749437e-12	 2.388141e-02	 2.363185e-01	-1.833087e-04	 3.674834e-04	-3.476027e-03	-2.720025e-04	
 2.050312e-05	-2.262275e-04	-7.752369e-02	-1.499693e-03	-3.431316e-04	-1.221773e-03	-1.273779e-03	-3.546966e-03	-1.522579e-03	-2.628969e-03	-1.011540e+02	-5.222318e-02	 1.294112e+00	-1.486027e+01	 5.424254e+01	-1.574904e+02	 1.001537e+02	 3.183267e-01	-8.437003e-02	 2.342246e+00	 3.122664e+01	 8.353493e+01	-6.263311e-03	-3.724027e-03	 3.674149e-03	 3.413964e-05	-1.269769e-02	-1.405057e-03	 1.670722e-04	 4.145824e-04	 6.220230e-04	-9.654418e-04	-6.608876e-05	 2.025667e-04	-3.080132e-04	-4.763830e-05	 2.224027e-04	-1.356517e-04	 1.737615e-04	 6.611264e-03	-1.174155e-03	 2.146110e-03	-6.558250e-04	-4.701632e-04	 2.817021e-04	-1.017720e-04	 5.435252e-04	 1.495025e-04	 7.172146e-05	 2.750403e-06	-3.094485e-12	 1.068921e-02	 9.984198e-02	-1.211731e-03	 2.436984e-04	-1.629239e-03	-1.763186e-03	
-2.085109e-08	 3.334783e-06	 6.480508e-04	 5.924985e-06	 2.616784e-06	 1.035902e-06	 1.256728e-05	 5.384279e-06	 4.550303e-05	 2.130662e-05	 1.868196e-02	 7.959689e-05	-5.650789e-04	 3.629371e-02	 2.893335e-02	 5.899106e-02	-3.159630e-02	 4.152971e-04	 2.389562e-04	-1.832723e-04	-1.234679e-03	-6.263311e-03	 1.470348e-03	 2.709631e-04	 1.950478e-05	-3.697940e-04	-1.417336e-04	-2.334120e-04	 4.699745e-07	 2.814428e-08	-6.518497e-07	 1.839051e-06	-1.555808e-07	-1.166237e-05	-3.557617e-06	 1.479740e-06	 1.600655e-06	 2.570330e-06	-1.817093e-06	-4.972408e-05	-1.002138e-05	-6.885926e-06	 7.880228e-06	-6.977604e-07	-2.866350e-09	 3.161239e-07	-5.920494e-07	-2.521820e-06	 1.888204e-06	 4.442890e-08	 1.270397e-14	-1.277369e-04	-1.389365e-03	 5.331439e-06	 9.523990e-07	 1.769687e-05	 1.605141e-05	
 8.015643e-08	-1.571510e-07	 2.916151e-04	 7.226058e-06	 2.281061e-06	 3.785912e-06	-3.693203e-06	-1.486046e-05	 6.658443e-06	 7.971202e-06	 1.235026e-02	-1.575781e-04	-1.632558e-03	 3.675993e-02	 2.455725e-02	 2.566743e-02	-2.466520e-02	-1.282228e-04	 3.549041e-04	 2.366856e-04	-7.766071e-04	-3.724027e-03	 2.709631e-04	 8.671260e-04	 5.491685e-05	 7.518305e-04	 4.140307e-05	-6.573433e-04	 1.343480e-07	 3.769882e-07	 9.861533e-07	-5.099686e-07	 3.831820e-08	-8.323673e-06	 1.139384e-06	-1.120253e-06	 9.685878e-07	-8.540055e-07	-2.733226e-06	-8.163493e-07	-4.529380e-06	-4.605963e-06	-3.759924e-07	 9.047270e-07	 5.279473e-07	-1.060498e-06	-2.321267e-07	 1.069467e-06	 1.740465e-06	 2.581442e-07	 1.506148e-14	-1.819612e-05	-1.336212e-05	 1.809245e-06	-2.646653e-06	 3.928202e-08	-8.530524e-06	
-1.240947e-07	-3.147378e-06	-7.162856e-04	-1.625086e-05	-1.493701e-05	-5.820628e-06	 7.494361e-07	-1.067153e-05	-5.689334e-05	-1.917036e-05	 2.964539e-03	 2.985096e-04	 8.955445e-04	 1.302134e-01	 1.248595e-02	 2.256317e-02	-3.467343e-02	 4.195017e-03	-1.931437e-03	 1.697086e-03	 1.898565e-03	 3.674149e-03	 1.950478e-05	 5.491685e-05	 7.552923e-03	-2.713738e-04	 6.860269e-04	 4.630897e-03	-2.418199e-07	 8.549132e-07	-7.124755e-07	 2.660950e-06	 7.021468e-08	 2.015000e-05	-9.634455e-07	-2.941566e-06	-3.730533e-06	-4.723074e-06	-2.292256e-05	-3.910614e-05	 5.763987e-06	 7.590799e-06	 1.549666e-05	 1.819568e-06	 2.289668e-06	 1.176990e-05	-1.646879e-06	 3.724976e-06	 1.067768e-05	-3.679715e-07	-3.372234e-14	 1.253344e-04	 1.314918e-03	-1.190933e-05	-6.858910e-07	-1.482326e-05	-1.751648e-05	
 1.299623e-07	 1.179487e-05	 2.424848e-03	 4.257349e-05	 1.132598e-05	 1.117938e-05	 2.649169e-05	-1.839999e-04	 2.655365e-04	 7.457130e-05	 1.530239e-02	-2.278880e-04	-2.680694e-04	-1.045003e-02	 1.921581e-02	 3.066447e-02	-1.056602e-01	-9.768535e-04	 1.911831e-04	 9.184657e-04	-2.212821e-04	 3.413964e-05	-3.697940e-04	 7.518305e-04	-2.713738e-04	 2.941961e-03	 5.173446e-04	-6.617386e-04	-1.828104e-07	 5.773257e-07	 2.255388e-06	-4.678138e-06	-5.431014e-08	 8.733349e-07	 1.947261e-06	-2.321718e-06	-1.292541e-06	-3.832358e-06	-4.528552e-07	 4.216473e-06	 6.262203e-06	-2.772986e-06	 3.135284e-07	 3.019941e-06	 7.904570e-07	 2.255894e-07	 2.320569e-06	 3.187466e-06	-5.313053e-07	-4.803815e-07	 9.052851e-14	-4.773706e-04	-5.248964e-03	 2.032140e-05	 2.748900e-06	 7.325816e-05	 3.355177e-06	
-5.205449e-07	 5.034717e-06	-9.860977e-04	 3.423823e-05	-1.058044e-05	 1.355613e-05	 1.862279e-06	-1.515221e-04	 6.278185e-05	-3.246143e-05	 2.899677e-02	 4.031243e-06	 2.305753e-03	-2.305816e-02	-6.091967e-02	 1.294936e-01	-2.780279e-02	 2.033601e-03	-1.525567e-03	 1.299810e-03	-5.359880e-03	-1.269769e-02	-1.417336e-04	 4.140307e-05	 6.860269e-04	 5.173446e-04	 6.545010e-03	 8.224233e-03	 7.655435e-07	-2.310484e-07	 1.749321e-07	 2.078640e-06	-2.717538e-07	 8.747579e-06	-4.023031e-07	 8.708100e-07	 9.559359e-07	-4.451490e-06	-6.872704e-06	 2.664724e-05	 1.746854e-05	-4.420929e-06	 3.896490e-06	 6.244517e-08	-3.281449e-06	 3.733250e-06	 1.723463e-06	 2.501498e-08	-2.350805e-06	-8.759696e-07	 7.307415e-14	-3.185651e-05	-1.376112e-03	 1.577316e-05	 1.697252e-05	 1.954025e-05	-5.823676e-05	
-2.145611e-06	 1.199814e-05	-5.676446e-03	 6.457128e-05	-6.231034e-06	 1.270790e-05	 4.821235e-05	 1.185900e-04	-1.853015e-04	-1.506463e-04	 2.143493e-02	-1.402278e-04	 4.725794e-03	 4.704860e-03	 2.017216e-01	 4.001610e-01	 3.825810e-01	 1.609750e-02	-2.186553e-03	-7.638732e-03	 1.395402e-03	-1.405057e-03	-2.334120e-04	-6.573433e-04	 4.630897e-03	-6.617386e-04	 8.224233e-03	 7.207597e-02	-4.709349e-08	 4.836515e-06	-8.808290e-06	 1.892592e-07	 1.249672e-07	 4.176016e-05	-1.594264e-05	 2.487488e-06	 1.894578e-06	-2.284115e-06	-5.054735e-06	-9.145623e-05	-6.570144e-05	 3.624862e-08	-3.866969e-05	 3.560253e-06	-4.574724e-06	 3.124265e-05	 1.638828e-05	 1.230534e-05	 9.147279e-06	 3.913228e-07	 1.395653e-13	 2.324027e-04	-1.254581e-03	 8.085912e-05	 6.804413e-05	-2.604303e-06	-2.086521e-05	
 3.323698e-09	 1.979987e-07	 4.766603e-05	 6.072430e-07	 1.142792e-07	 1.000283e-07	 5.795166e-07	-2.453855e-06	 4.225379e-06	 1.429290e-06	-1.009813e-03	 4.110048e-06	 1.237127e-04	 9.449489e-03	-8.155464e-03	-4.637530e-03	 9.069213e-04	-4.068274e-05	 1.040638e-04	-1.260108e-04	-4.464028e-05	 1.670722e-04	 4.699745e-07	 1.343480e-07	-2.418199e-07	-1.828104e-07	 7.655435e-07	-4.709349e-08	 4.254871e-07	-7.408739e-09	-2.954446e-08	 4.695935e-08	 1.596527e-09	-4.334627e-08	-5.223182e-08	-2.001638e-08	-6.966063e-09	 7.516763e-08	 1.879415e-08	 2.529715e-07	 3.487310e-08	-5.718074e-08	-9.524449e-09	 6.772063e-09	-6.564881e-09	-4.080928e-08	 1.806203e-08	 2.596702e-10	-6.366941e-09	-1.145663e-08	 1.300121e-15	-8.574472e-06	-9.108107e-05	 2.843282e-07	-1.206080e-08	 1.242623e-06	 3.398656e-07	
 3.319315e-10	 5.509541e-08	 4.440110e-06	 2.674279e-07	 7.678413e-08	 9.475664e-08	-7.658206e-10	-5.394445e-07	 1.262950e-06	 9.526550e-08	 1.375058e-03	-1.056046e-06	-4.616058e-05	-4.474084e-04	-2.417626e-03	 8.393610e-04	 1.698007e-04	 1.033618e-05	 8.643641e-06	-3.997545e-05	 2.196678e-04	 4.145824e-04	 2.814428e-08	 3.769882e-07	 8.549132e-07	 5.773257e-07	-2.310484e-07	 4.836515e-06	-7.408739e-09	 4.087229e-07	 1.993540e-08	-6.274087e-08	-6.737362e-09	 1.733958e-07	 8.646375e-09	 1.869619e-08	-1.178991e-08	 4.321444e-09	-1.178983e-07	 6.899562e-07	 1.168500e-08	-5.599455e-08	 3.232408e-09	-9.044050e-09	 9.089701e-09	-3.655037e-08	 5.422615e-08	 1.535727e-08	-3.626049e-08	-2.956608e-09	 5.597557e-16	-1.681371e-06	-2.183298e-05	 1.487756e-07	 7.000623e-08	 2.525703e-07	 1.899151e-07	
 1.224048e-08	 1.187188e-06	 2.784891e-04	 7.801776e-06	-7.991349e-07	-3.567857e-07	 2.881769e-06	-4.812129e-06	 2.836342e-05	 8.352346e-06	 1.912492e-03	-1.327591e-05	 3.584784e-05	 1.315460e-02	 9.951832e-03	 4.694651e-03	-5.457722e-03	 1.163959e-04	-6.930207e-05	 2.395791e-05	 1.414463e-04	 6.220230e-04	-6.518497e-07	 9.861533e-07	-7.124755e-07	 2.255388e-06	 1.749321e-07	-8.808290e-06	-2.954446e-08	 1.993540e-08	 4.359022e-06	-1.604236e-06	-7.861815e-09	-2.167864e-07	 6.994672e-08	-5.150308e-08	-2.461843e-08	-8.967507e-08	 2.415264e-07	-1.444189e-06	 1.010200e-06	-4.098236e-07	 5.392773e-07	 4.123236e-07	 3.940856e-07	 5.603391e-07	 2.122125e-06	 2.047429e-06	 2.198496e-06	-5.560040e-08	 1.658328e-14	-5.073282e-05	-5.402070e-04	 2.934644e-06	-1.552267e-08	 7.462402e-06	 8.145999e-06	
 2.243526e-10	 3.783754e-08	-5.971900e-05	-2.184837e-06	-2.461324e-06	 8.568608e-07	-2.740071e-06	-3.925015e-05	 9.399314e-06	-1.663609e-06	-8.721076e-04	 1.580177e-06	-1.526542e-04	 1.535993e-03	-5.253646e-03	-9.708787e-04	 4.548821e-03	 8.035488e-05	 1.088727e-05	 2.909332e-06	-4.436835e-04	-9.654418e-04	 1.839051e-06	-5.099686e-07	 2.660950e-06	-4.678138e-06	 2.078640e-06	 1.892592e-07	 4.695935e-08	-6.274087e-08	-1.604236e-06	 1.729016e-05	 1.193486e-08	-1.334051e-08	-5.340266e-07	-3.374552e-08	-2.904071e-08	-2.949834e-07	-6.171640e-08	-2.875994e-06	 7.756702e-07	-6.053275e-07	 1.517252e-06	-5.664536e-08	-2.738203e-07	-5.829876e-07	-1.638558e-06	-1.417344e-06	-1.425211e-06	-1.164734e-07	-4.712179e-15	 2.389954e-06	-2.302970e-05	-2.738085e-06	 6.071140e-07	 8.230943e-07	-1.525554e-05	
-1.358814e-09	 3.108493e-09	 6.076876e-06	-3.697384e-08	 6.063692e-08	-7.826220e-08	 3.452342e-07	 1.469195e-06	-1.031795e-06	 1.829351e-07	 2.793718e-05	 3.712920e-07	 1.593378e-05	 1.961060e-04	 1.393875e-04	 5.079217e-04	-1.897934e-04	 1.593190e-05	 1.117047e-05	 1.007757e-05	-3.154886e-05	-6.608876e-05	-1.555808e-07	 3.831820e-08	 7.021468e-08	-5.431014e-08	-2.717538e-07	 1.249672e-07	 1.596527e-09	-6.737362e-09	-7.861815e-09	 1.193486e-08	 1.261878e-07	 4.634799e-08	-2.898063e-08	 1.242629e-10	 6.300592e-09	-1.525932e-08	 7.809679e-08	 2.545821e-07	 1.166401e-07	 8.798571e-08	-2.164146e-07	-9.711337e-08	-1.240302e-07	-1.004806e-07	 2.019678e-07	 1.740691e-07	 1.958160e-07	 4.076771e-08	-8.143089e-17	-5.915403e-07	 1.828385e-06	 1.371614e-07	-4.797972e-08	-7.096192e-08	 4.200055e-07	
 2.247556e-08	 1.086551e-06	 4.368213e-04	 4.022082e-07	 1.995817e-06	-6.275432e-07	 5.187754e-06	-1.401516e-05	 2.126823e-05	 1.181564e-05	 2.932408e-03	-3.967411e-05	-3.965837e-04	 2.562172e-02	 1.428687e-02	-8.795625e-03	-3.911082e-02	 3.904712e-04	 1.409725e-04	 1.082064e-04	-8.944239e-05	 2.025667e-04	-1.166237e-05	-8.323673e-06	 2.015000e-05	 8.733349e-07	 8.747579e-06	 4.176016e-05	-4.334627e-08	 1.733958e-07	-2.167864e-07	-1.334051e-08	 4.634799e-08	 1.415554e-04	 6.303691e-07	 6.907101e-07	 7.317164e-07	-1.199499e-07	 7.437216e-08	-7.752574e-06	-4.258454e-06	-2.120660e-06	 3.065012e-06	-6.298351e-07	-8.427508e-07	 5.032069e-08	 5.392282e-07	-2.069863e-07	 1.212146e-06	-5.756813e-08	 8.598366e-16	-5.967456e-05	-5.497025e-04	 2.828915e-07	-1.585863e-06	 7.961676e-06	-4.925227e-07	
 1.693176e-09	-1.105842e-07	 3.220976e-05	-9.104178e-07	-4.235675e-07	-2.664525e-07	-7.069238e-07	-8.949802e-06	 3.646948e-06	 9.199346e-07	 8.108632e-05	 1.108276e-05	-2.082239e-05	 5.131630e-03	 6.100977e-03	 8.166422e-03	 1.954258e-03	-2.317277e-05	-1.254890e-04	 1.192974e-07	-3.830599e-04	-3.080132e-04	-3.557617e-06	 1.139384e-06	-9.634455e-07	 1.947261e-06	-4.023031e-07	-1.594264e-05	-5.223182e-08	 8.646375e-09	 6.994672e-08	-5.340266e-07	-2.898063e-08	 6.303691e-07	 2.959227e-05	-9.441803e-08	 2.262905e-07	-1.866623e-07	 8.606006e-07	-4.973057e-06	 6.973322e-07	 3.871486e-07	 2.129121e-06	 1.036071e-09	-1.966040e-07	-1.020252e-07	 1.603093e-07	 1.232104e-07	 7.252008e-09	-4.488032e-08	-1.901961e-15	-2.261282e-07	 1.714866e-05	-1.307969e-06	-4.678278e-07	 3.290805e-07	-3.237035e-06	
-2.499495e-09	 4.816881e-08	 4.111594e-05	 4.660198e-07	 9.262554e-08	 3.613857e-07	-1.037174e-07	-1.583217e-06	 1.623427e-06	 1.014887e-06	 4.631410e-05	 2.392132e-06	 1.539559e-05	-2.720477e-03	-1.326632e-04	 1.131471e-03	 5.995017e-04	-6.725340e-05	-7.959771e-05	 5.770154e-05	-4.299577e-05	-4.763830e-05	 1.479740e-06	-1.120253e-06	-2.941566e-06	-2.321718e-06	 8.708100e-07	 2.487488e-06	-2.001638e-08	 1.869619e-08	-5.150308e-08	-3.374552e-08	 1.242629e-10	 6.907101e-07	-9.441803e-08	 2.215308e-05	 3.161661e-07	 2.320317e-07	-4.408257e-07	 6.575155e-06	-4.112228e-07	-7.223105e-07	-1.568365e-07	-2.711406e-08	-1.042665e-08	 4.036964e-07	 2.955463e-07	-1.996581e-07	-7.579046e-08	-1.826503e-08	 9.867817e-16	-4.089856e-06	-3.072341e-05	 8.635197e-08	-2.714470e-07	 5.787594e-07	-8.006932e-07	
 6.769611e-09	-4.198140e-07	-9.293267e-05	-2.227337e-06	 2.956570e-08	-8.613600e-07	-8.136683e-07	 7.087808e-06	-8.184166e-06	-2.634496e-06	-2.781140e-04	 1.033158e-05	 1.225447e-05	 3.985366e-03	-1.308725e-03	-3.452106e-03	-3.581977e-03	 1.731327e-05	-1.057398e-04	-2.037909e-05	 1.340051e-04	 2.224027e-04	 1.600655e-06	 9.685878e-07	-3.730533e-06	-1.292541e-06	 9.559359e-07	 1.894578e-06	-6.966063e-09	-1.178991e-08	-2.461843e-08	-2.904071e-08	 6.300592e-09	 7.317164e-07	 2.262905e-07	 3.161661e-07	 1.173624e-05	-3.352035e-07	 1.037195e-07	-1.023935e-07	-1.213868e-06	-7.817505e-08	 8.178826e-08	-1.407976e-07	 1.817761e-07	 3.841575e-07	 1.028969e-07	 8.577335e-08	-2.257277e-07	 3.474617e-08	-4.715628e-15	 1.683170e-05	 1.824674e-04	-9.550437e-07	-1.184002e-08	-2.624710e-06	 1.270273e-06	
-3.895247e-09	-3.942076e-07	-6.237760e-05	 7.853132e-07	-4.045536e-08	 7.974874e-07	-1.284333e-06	 1.026807e-05	-7.235341e-06	-2.053489e-06	-2.537236e-04	 8.926127e-06	 1.163743e-04	-3.003549e-04	-1.650797e-03	-7.504361e-03	-5.970330e-03	-2.235086e-04	-4.489840e-05	 7.320676e-05	 1.501082e-04	-1.356517e-04	 2.570330e-06	-8.540055e-07	-4.723074e-06	-3.832358e-06	-4.451490e-06	-2.284115e-06	 7.516763e-08	 4.321444e-09	-8.967507e-08	-2.949834e-07	-1.525932e-08	-1.199499e-07	-1.866623e-07	 2.320317e-07	-3.352035e-07	 3.249337e-05	 1.711583e-06	-2.516468e-06	 2.640755e-06	-8.083808e-07	 1.024241e-06	 8.926817e-08	-3.552861e-07	 1.234699e-07	-1.008361e-07	-2.134251e-07	-1.451611e-07	 2.233314e-08	 1.646121e-15	 1.488369e-05	 1.740830e-04	 1.972603e-07	-2.570269e-07	-2.434011e-06	 2.385335e-06	
-2.332473e-08	-1.304588e-06	-2.439134e-04	 5.787504e-06	-2.026972e-07	 3.325711e-06	-4.243703e-06	 2.945002e-05	-3.515447e-05	-7.847261e-06	 1.207933e-03	 4.651087e-05	-5.121138e-04	 5.307198e-03	 2.625391e-03	 2.722652e-03	-1.421463e-02	-3.670085e-04	-8.028199e-04	-5.012485e-04	-1.379007e-04	 1.737615e-04	-1.817093e-06	-2.733226e-06	-2.292256e-05	-4.528552e-07	-6.872704e-06	-5.054735e-06	 1.879415e-08	-1.178983e-07	 2.415264e-07	-6.171640e-08	 7.809679e-08	 7.437216e-08	 8.606006e-07	-4.408257e-07	 1.037195e-07	 1.711583e-06	 1.993648e-04	 1.107889e-05	 2.357733e-06	-4.360451e-06	-1.477226e-06	 2.471856e-07	-7.021637e-07	 1.017250e-06	 9.078807e-07	 1.653039e-06	 6.816678e-07	 2.077567e-08	 1.223467e-14	 5.360226e-05	 5.952334e-04	 3.003022e-06	-5.130258e-07	-8.673878e-06	-9.610878e-07	
-9.237585e-07	-2.180278e-05	-5.900284e-03	-6.598983e-05	-2.229913e-05	-1.849960e-05	-3.495117e-05	 2.141775e-04	-4.747153e-04	-1.671270e-04	-2.214141e-02	-4.181771e-04	 2.662703e-03	 5.926189e-02	 4.850340e-02	 4.575912e-02	 2.204340e-01	-2.263501e-03	 9.747106e-04	-1.168441e-03	 2.671487e-03	 6.611264e-03	-4.972408e-05	-8.163493e-07	-3.910614e-05	 4.216473e-06	 2.664724e-05	-9.145623e-05	 2.529715e-07	 6.899562e-07	-1.444189e-06	-2.875994e-06	 2.545821e-07	-7.752574e-06	-4.973057e-06	 6.575155e-06	-1.023935e-07	-2.516468e-06	 1.107889e-05	 4.727388e-03	 1.977724e-05	 1.587336e-05	 1.624187e-05	-2.998024e-06	-1.047251e-05	-1.002771e-05	-2.386975e-06	 1.618014e-06	-2.771432e-06	 1.276486e-06	-1.414053e-13	 9.762009e-04	 1.011963e-02	-3.096681e-05	 5.816803e-06	-1.290059e-04	-5.451616e-05	
-7.275394e-08	 1.599338e-06	 4.296443e-04	 3.902696e-06	-4.839599e-07	 1.134234e-07	 6.243590e-06	-1.502812e-05	 2.289082e-05	 1.366099e-05	-1.356767e-03	 4.555865e-05	 4.293445e-04	-2.507317e-02	 2.672043e-04	 2.494608e-03	-7.351342e-03	-1.681204e-04	 7.916382e-04	-6.761067e-04	-1.034998e-03	-1.174155e-03	-1.002138e-05	-4.529380e-06	 5.763987e-06	 6.262203e-06	 1.746854e-05	-6.570144e-05	 3.487310e-08	 1.168500e-08	 1.010200e-06	 7.756702e-07	 1.166401e-07	-4.258454e-06	 6.973322e-07	-4.112228e-07	-1.213868e-06	 2.640755e-06	 2.357733e-06	 1.977724e-05	 4.013083e-04	-4.119045e-06	 1.034383e-05	-7.757753e-07	-9.162438e-08	 5.006875e-07	 7.639936e-07	 1.608388e-07	 3.563918e-06	-9.955994e-08	 8.291188e-15	-6.653304e-05	-6.790636e-04	 1.482404e-06	-6.745635e-07	 1.021799e-05	-2.320520e-06	
-8.117812e-09	-5.717576e-07	 1.305872e-04	-8.440862e-06	 8.365304e-07	-2.866118e-06	-1.206194e-06	-2.960956e-06	-1.538402e-06	 2.665110e-06	-3.636967e-03	 1.932357e-05	-1.796253e-04	 8.701771e-04	-2.355286e-02	-2.149000e-02	-7.624297e-03	-1.863001e-04	-6.104572e-04	 3.999705e-04	 6.925346e-04	 2.146110e-03	-6.885926e-06	-4.605963e-06	 7.590799e-06	-2.772986e-06	-4.420929e-06	 3.624862e-08	-5.718074e-08	-5.599455e-08	-4.098236e-07	-6.053275e-07	 8.798571e-08	-2.120660e-06	 3.871486e-07	-7.223105e-07	-7.817505e-08	-8.083808e-07	-4.360451e-06	 1.587336e-05	-4.119045e-06	 1.437495e-04	-4.837105e-06	 3.342688e-07	-4.267719e-07	-1.255781e-06	-1.660942e-07	 1.160293e-06	 3.970000e-06	-1.544687e-08	-1.784021e-14	 4.559313e-06	 1.651889e-04	-4.993696e-06	-2.215968e-06	-8.476334e-07	-2.709120e-06	
-6.789086e-08	-1.349394e-06	-1.886803e-04	 9.518372e-06	-2.349356e-06	 4.755470e-06	 1.485405e-06	 1.957253e-06	-3.021842e-05	-6.655188e-06	-7.268360e-04	-3.476184e-05	-2.329601e-04	-3.144177e-02	 1.429969e-02	 4.769797e-03	 1.124751e-02	-2.365697e-04	 1.617003e-04	-2.271132e-06	-4.590508e-05	-6.558250e-04	 7.880228e-06	-3.759924e-07	 1.549666e-05	 3.135284e-07	 3.896490e-06	-3.866969e-05	-9.524449e-09	 3.232408e-09	 5.392773e-07	 1.517252e-06	-2.164146e-07	 3.065012e-06	 2.129121e-06	-1.568365e-07	 8.178826e-08	 1.024241e-06	-1.477226e-06	 1.624187e-05	 1.034383e-05	-4.837105e-06	 4.083785e-04	 1.958154e-06	 5.508691e-07	 2.419281e-07	 6.939982e-07	 9.618689e-07	 4.043778e-06	-6.666312e-08	 2.023701e-14	 5.005588e-05	 5.696743e-04	 1.514573e-06	-1.111787e-06	-6.805122e-06	-1.019020e-05	
-3.097710e-08	 8.359558e-08	-2.283521e-05	-1.222869e-06	 3.615160e-08	-1.151230e-06	 2.785615e-07	-1.013253e-05	-4.658899e-07	-4.325852e-07	 6.500663e-04	-9.803738e-06	-8.463639e-05	 2.303359e-03	-1.341709e-03	-3.877673e-04	 3.666679e-03	-1.059320e-04	-1.444493e-04	-4.632386e-05	-1.067039e-04	-4.701632e-04	-6.977604e-07	 9.047270e-07	 1.819568e-06	 3.019941e-06	 6.244517e-08	 3.560253e-06	 6.772063e-09	-9.044050e-09	 4.123236e-07	-5.664536e-08	-9.711337e-08	-6.298351e-07	 1.036071e-09	-2.711406e-08	-1.407976e-07	 8.926817e-08	 2.471856e-07	-2.998024e-06	-7.757753e-07	 3.342688e-07	 1.958154e-06	 2.031409e-05	 9.926087e-06	 1.015275e-05	 4.205627e-06	 3.493128e-06	 3.091538e-06	 2.174482e-08	-2.594510e-15	 8.142046e-07	-5.854878e-06	-6.036067e-07	 2.860804e-07	 3.657433e-07	-5.999998e-06	
-4.176183e-08	 2.668254e-07	 8.010316e-06	-1.857417e-06	 1.306835e-07	-1.626123e-06	 1.368444e-06	-1.785831e-05	 5.180930e-06	 5.833198e-07	-2.381810e-04	 1.229200e-05	 6.861896e-05	-5.019894e-03	 7.441942e-04	-7.913071e-04	 1.678321e-03	-4.455326e-05	-3.358113e-06	-8.574537e-05	 1.349285e-04	 2.817021e-04	-2.866350e-09	 5.279473e-07	 2.289668e-06	 7.904570e-07	-3.281449e-06	-4.574724e-06	-6.564881e-09	 9.089701e-09	 3.940856e-07	-2.738203e-07	-1.240302e-07	-8.427508e-07	-1.966040e-07	-1.042665e-08	 1.817761e-07	-3.552861e-07	-7.021637e-07	-1.047251e-05	-9.162438e-08	-4.267719e-07	 5.508691e-07	 9.926087e-06	 2.017583e-05	 1.031778e-05	 3.739745e-06	 4.403434e-06	 3.424324e-06	 1.716192e-08	-3.937239e-15	-6.679163e-06	-9.013129e-05	-7.588465e-07	 3.698674e-07	 1.999613e-06	-6.748032e-06	
-3.476029e-08	 6.889631e-07	 7.891817e-05	-1.664553e-06	 5.574441e-07	-2.069572e-06	 2.868266e-06	-1.132581e-05	 9.713348e-06	 2.629764e-06	-6.386119e-04	 2.097218e-05	 1.411597e-04	 8.277048e-04	-2.622455e-03	-4.646267e-03	-3.382472e-03	-2.145496e-05	-2.263384e-04	 1.688764e-05	-7.747605e-05	-1.017720e-04	 3.161239e-07	-1.060498e-06	 1.176990e-05	 2.255894e-07	 3.733250e-06	 3.124265e-05	-4.080928e-08	-3.655037e-08	 5.603391e-07	-5.829876e-07	-1.004806e-07	 5.032069e-08	-1.020252e-07	 4.036964e-07	 3.841575e-07	 1.234699e-07	 1.017250e-06	-1.002771e-05	 5.006875e-07	-1.255781e-06	 2.419281e-07	 1.015275e-05	 1.031778e-05	 4.238410e-05	 3.246016e-06	 3.677510e-06	 5.062149e-06	-5.346162e-08	-3.488696e-15	-2.141722e-05	-2.655470e-04	-3.585502e-07	 5.872946e-07	 3.842873e-06	-2.564288e-06	
 1.244823e-08	-7.283448e-07	-1.503280e-04	 9.818289e-06	 2.304258e-06	 2.345008e-06	-1.605623e-07	 3.404968e-05	-2.091782e-05	-4.902543e-06	 2.257080e-05	 1.495480e-05	-3.691785e-05	-1.310302e-02	-8.979392e-03	-5.857850e-03	 9.860902e-05	-1.682622e-04	-1.041328e-04	-4.406330e-05	 2.044261e-04	 5.435252e-04	-5.920494e-07	-2.321267e-07	-1.646879e-06	 2.320569e-06	 1.723463e-06	 1.638828e-05	 1.806203e-08	 5.422615e-08	 2.122125e-06	-1.638558e-06	 2.019678e-07	 5.392282e-07	 1.603093e-07	 2.955463e-07	 1.028969e-07	-1.008361e-07	 9.078807e-07	-2.386975e-06	 7.639936e-07	-1.660942e-07	 6.939982e-07	 4.205627e-06	 3.739745e-06	 3.246016e-06	 1.574909e-05	 6.343546e-06	 6.674915e-06	 5.685868e-08	 2.081299e-14	 2.974658e-05	 3.263168e-04	 5.490604e-06	-1.173629e-07	-5.299634e-06	 9.677637e-06	
 9.739100e-09	-8.622152e-07	-2.241147e-04	 9.473653e-06	 1.813531e-06	 2.423785e-06	-9.384270e-07	 3.017297e-05	-2.278946e-05	-7.096990e-06	 5.824490e-04	 1.139091e-05	-7.692151e-06	-1.280004e-02	-5.693864e-03	-2.923963e-03	-2.699735e-03	-3.189860e-05	-3.729359e-05	-6.720038e-05	 4.846961e-05	 1.495025e-04	-2.521820e-06	 1.069467e-06	 3.724976e-06	 3.187466e-06	 2.501498e-08	 1.230534e-05	 2.596702e-10	 1.535727e-08	 2.047429e-06	-1.417344e-06	 1.740691e-07	-2.069863e-07	 1.232104e-07	-1.996581e-07	 8.577335e-08	-2.134251e-07	 1.653039e-06	 1.618014e-06	 1.608388e-07	 1.160293e-06	 9.618689e-07	 3.493128e-06	 4.403434e-06	 3.677510e-06	 6.343546e-06	 1.146047e-05	 6.289769e-06	 4.353505e-08	 2.008865e-14	 3.851586e-05	 3.968432e-04	 5.081505e-06	 2.517236e-07	-6.275339e-06	 7.445110e-06	
