#          omega_b,        omega_cdm,               H0,     ln10^{10}A_s,              n_s,         tau_reio, parameters_smg__2,         indexg_V,       thetai_scf,                M,        A_cib_217,        xi_sz_cib,             A_sz,     ps_A_100_100,     ps_A_143_143,     ps_A_143_217,     ps_A_217_217,         ksz_norm,     gal545_A_100,     gal545_A_143, gal545_A_143_217,     gal545_A_217,    galf_TE_A_100, galf_TE_A_100_143, galf_TE_A_100_217,    galf_TE_A_143, galf_TE_A_143_217,    galf_TE_A_217,       calib_100T,       calib_217T,         A_planck,      100*theta_s,              A_s,              age,           rs_rec,           sigma8,          Omega_m,             fEDE,         log10z_c
 2.148638e-08	-2.081389e-08	 4.701909e-05	 5.576504e-07	 3.000943e-07	 2.224573e-07	-7.560475e-07	 7.346763e-06	 1.015823e-06	 1.296838e-06	-8.270601e-05	 8.709700e-07	 2.187123e-05	-2.939543e-04	-1.894414e-04	-3.686136e-05	 2.517357e-05	-3.243854e-05	-2.830791e-06	-8.808306e-06	-8.594325e-06	 3.137429e-05	-2.192981e-07	-6.953254e-08	-1.792866e-07	-2.295710e-07	-6.721482e-07	-1.194513e-06	 3.166530e-09	-3.314426e-10	 3.019154e-08	 1.783427e-09	 1.171745e-15	-4.151582e-06	-1.908640e-05	 1.381199e-07	-4.219235e-07	 1.429694e-07	 3.867789e-06	
-2.081389e-08	 2.075754e-06	 5.140437e-05	 4.850741e-08	-1.125891e-06	-1.553981e-06	 3.140476e-05	 4.984140e-04	 6.591092e-05	 3.105672e-06	 1.954214e-04	 1.031833e-05	-4.929223e-05	 1.000800e-03	 6.070123e-04	 4.700834e-04	 5.535344e-06	 5.345471e-05	-6.220370e-05	 1.499900e-05	 2.696176e-05	-1.966828e-04	-5.571746e-07	-7.030216e-07	-1.780752e-07	-7.775220e-08	 5.228334e-06	 1.489780e-05	 9.820877e-09	 2.763125e-08	-2.088807e-07	-1.423983e-07	 1.150187e-16	-5.925343e-05	-8.615659e-04	 4.017880e-06	 3.959387e-06	 9.670737e-06	 3.727527e-04	
 4.701909e-05	 5.140437e-05	 4.345976e-01	 1.582340e-03	 1.699848e-03	 8.459384e-04	-1.015730e-02	 2.165583e-01	 2.573873e-02	 1.215581e-02	-1.988346e-01	 9.310855e-03	 7.728693e-02	-8.891170e-01	-2.344602e-01	 2.575764e-01	 1.829559e-01	-1.135708e-01	 2.528523e-02	 1.771289e-02	 5.406144e-02	 1.581882e-01	-8.610805e-04	-5.133191e-04	-1.648427e-03	 3.007906e-04	-1.622214e-03	-4.459385e-03	-2.718461e-06	 3.287230e-06	 6.005781e-05	-9.491673e-06	 3.346242e-12	-4.090031e-02	-2.147644e-01	 8.589925e-04	-3.719268e-03	 2.481181e-03	 1.470467e-01	
 5.576504e-07	 4.850741e-08	 1.582340e-03	 1.620356e-04	 1.602034e-05	 7.046664e-05	-1.695989e-04	-4.067353e-04	 7.154102e-05	 4.458848e-05	-4.689650e-03	 2.058003e-04	 8.899367e-04	-1.290795e-02	-4.969908e-03	 4.318058e-03	 8.508488e-03	-1.856580e-03	 3.606995e-04	-1.532457e-04	-1.078023e-03	 7.475784e-04	-4.104780e-06	-1.645384e-06	-3.515581e-05	-1.219791e-05	-4.747625e-06	 9.123949e-06	 1.072537e-07	-2.477403e-07	 8.435296e-06	 7.631179e-08	 3.404702e-13	-1.558744e-04	-8.846183e-04	 6.648043e-05	-1.303195e-05	 8.918041e-06	-2.431381e-04	
 3.000943e-07	-1.125891e-06	 1.699848e-03	 1.602034e-05	 1.995589e-05	 7.669863e-06	-4.694158e-05	 4.423957e-04	 7.370548e-05	 4.666409e-05	-4.076617e-03	 1.065961e-04	 9.750216e-04	-1.862930e-02	-4.990112e-03	 2.662886e-03	 5.164488e-03	-2.214129e-03	 4.828072e-04	 2.341715e-04	 5.086508e-04	 2.717302e-03	-1.146286e-06	-1.128482e-06	-9.920067e-06	-3.261064e-06	-3.347390e-06	-3.447280e-05	-1.347722e-07	-3.865110e-08	 1.841195e-06	 8.439306e-08	 3.375211e-14	-1.273134e-04	-3.450812e-04	 6.132540e-06	-1.710267e-05	 7.556652e-06	 3.075417e-04	
 2.224573e-07	-1.553981e-06	 8.459384e-04	 7.046664e-05	 7.669863e-06	 3.763880e-05	-1.494102e-04	-4.981538e-04	 2.333546e-05	 2.253922e-05	-1.798690e-03	 6.585651e-05	 5.412209e-04	-7.421491e-03	-3.190364e-03	 7.884585e-04	 1.291077e-03	-5.945932e-04	 2.115632e-04	 7.136425e-05	-4.282162e-04	-3.598589e-04	-3.108070e-06	 6.153133e-07	-1.073323e-05	-3.473075e-06	-5.569753e-06	-2.819456e-06	-4.074143e-09	-1.586098e-07	-5.874161e-07	 7.245947e-08	 1.481174e-13	-3.891778e-05	 1.930128e-04	 2.420367e-05	-1.053106e-05	 1.159071e-06	-2.839661e-04	
-7.560475e-07	 3.140476e-05	-1.015730e-02	-1.695989e-04	-4.694158e-05	-1.494102e-04	 3.429583e-02	 6.712910e-02	-3.183543e-03	-2.637028e-04	 1.311549e-02	 1.725109e-03	-4.299169e-03	-8.900520e-02	 9.226581e-03	 2.723776e-02	 7.960926e-03	-2.736033e-03	 3.486547e-03	 9.169826e-03	-1.542718e-03	-2.262513e-02	-1.464382e-04	-4.476101e-05	 1.750907e-06	 8.687034e-05	 1.847435e-05	-1.217416e-03	-4.892290e-06	 1.579472e-07	 1.916407e-05	 2.179477e-06	-3.552308e-13	 8.010111e-05	-7.645720e-03	 1.064274e-04	 1.599235e-04	 1.381214e-04	 3.662391e-02	
 7.346763e-06	 4.984140e-04	 2.165583e-01	-4.067353e-04	 4.423957e-04	-4.981538e-04	 6.712910e-02	 6.749166e-01	 1.941064e-02	 6.435847e-03	-1.303682e-01	 1.676893e-02	 5.836515e-02	-1.020781e+00	 2.188480e-01	 6.013728e-01	 3.504299e-01	-1.017646e-01	 1.181348e-02	 3.892806e-02	 9.918738e-02	 1.087468e-01	-1.208869e-03	-4.916279e-04	-2.905147e-03	 3.099619e-04	 1.890211e-04	-1.391767e-03	-8.979471e-06	 5.444763e-06	-3.377876e-05	-4.449378e-05	-8.242210e-13	-3.267095e-02	-2.928463e-01	 1.694422e-03	-8.686480e-04	 2.353722e-03	 4.146025e-01	
 1.015823e-06	 6.591092e-05	 2.573873e-02	 7.154102e-05	 7.370548e-05	 2.333546e-05	-3.183543e-03	 1.941064e-02	 6.256525e-03	 7.728741e-04	 3.814519e-03	 7.879433e-04	 2.483102e-03	 1.230956e-02	 1.355743e-02	 2.996800e-02	-2.638985e-03	-6.001651e-03	-5.980078e-04	 7.030650e-04	 4.382518e-03	 1.134331e-03	-2.480294e-05	-5.408444e-05	-4.076285e-05	 3.308523e-05	 1.409177e-04	 4.957972e-04	-9.492775e-08	 1.914417e-06	-4.538316e-06	-7.370150e-06	 1.523942e-13	-4.036789e-03	-3.845104e-02	 2.833859e-05	-8.735982e-05	 6.928492e-04	 2.061900e-02	
 1.296838e-06	 3.105672e-06	 1.215581e-02	 4.458848e-05	 4.666409e-05	 2.253922e-05	-2.637028e-04	 6.435847e-03	 7.728741e-04	 3.591382e-04	-5.918027e-03	 2.728343e-04	 2.132106e-03	-2.575379e-02	-6.377507e-03	 7.199104e-03	 5.103115e-03	-3.142009e-03	 6.335442e-04	 4.652407e-04	 1.648385e-03	 4.794606e-03	-2.777192e-05	-1.558011e-05	-4.448224e-05	 9.280699e-06	-3.878581e-05	-1.156721e-04	-8.708241e-08	 1.239163e-07	 1.562365e-06	-3.290705e-07	 9.429136e-14	-1.187902e-03	-6.676215e-03	 2.720625e-05	-1.004606e-04	 7.730880e-05	 4.404251e-03	
-8.270601e-05	 1.954214e-04	-1.988346e-01	-4.689650e-03	-4.076617e-03	-1.798690e-03	 1.311549e-02	-1.303682e-01	 3.814519e-03	-5.918027e-03	 4.361075e+01	-4.063097e-01	-1.173532e+00	 3.800166e+01	 2.836988e+00	-1.336279e+01	-5.415742e+01	-2.541734e-01	 6.546579e-02	 3.804549e-01	-5.885405e+00	-3.245577e+01	 7.601798e-03	-1.043889e-03	-2.261483e-03	-6.614705e-04	 4.107023e-03	-9.111766e-04	-2.281965e-04	 6.804488e-04	 2.937331e-04	 6.289487e-05	-9.925020e-12	 1.468537e-02	 4.215278e-02	-2.848513e-03	 2.052903e-03	 1.440625e-03	-5.834866e-02	
 8.709700e-07	 1.031833e-05	 9.310855e-03	 2.058003e-04	 1.065961e-04	 6.585651e-05	 1.725109e-03	 1.676893e-02	 7.879433e-04	 2.728343e-04	-4.063097e-01	 8.092161e-02	-4.173575e-02	-5.282060e-01	 9.447541e-01	 1.692418e+00	 6.632321e-01	 4.523218e-02	-1.874676e-02	 1.424874e-02	 1.111539e-01	 1.450221e-01	 5.282555e-05	-9.450834e-05	-4.220145e-04	-2.957329e-04	-5.482785e-04	-1.240283e-03	 1.632376e-06	-2.371883e-06	 7.868891e-06	-2.188878e-06	 4.337585e-13	-1.131634e-03	-8.481160e-03	 1.572293e-04	-6.098804e-05	 5.111684e-05	 1.096566e-02	
 2.187123e-05	-4.929223e-05	 7.728693e-02	 8.899367e-04	 9.750216e-04	 5.412209e-04	-4.299169e-03	 5.836515e-02	 2.483102e-03	 2.132106e-03	-1.173532e+00	-4.173575e-02	 3.855415e+00	-3.071899e+01	-3.480040e+00	 7.596312e+00	 5.851283e+00	-2.825885e+00	-1.840950e-01	 1.061409e-01	 2.610870e+00	 3.328211e+00	 7.853397e-04	 1.091962e-03	-4.100483e-03	 1.213872e-03	-1.193651e-03	-8.088254e-03	 9.363272e-05	-5.652594e-05	-4.189501e-05	-1.507819e-05	 1.899922e-12	-6.170614e-03	-2.192948e-02	 6.538784e-04	-7.509920e-04	-4.752223e-04	 3.635167e-02	
-2.939543e-04	 1.000800e-03	-8.891170e-01	-1.290795e-02	-1.862930e-02	-7.421491e-03	-8.900520e-02	-1.020781e+00	 1.230956e-02	-2.575379e-02	 3.800166e+01	-5.282060e-01	-3.071899e+01	 7.755388e+02	 6.706458e+01	-5.642134e+01	-6.511331e+01	 1.472921e+01	-5.905105e+00	 5.744086e+00	-1.226239e+01	-2.477637e+01	 1.548831e-03	-2.512983e-03	 6.234417e-02	-1.956225e-03	-1.813783e-02	 6.742697e-02	 3.706249e-03	 8.887909e-04	 2.394604e-03	 1.261112e-04	-2.753460e-11	 6.106658e-02	 9.117168e-02	-1.137503e-02	 9.544923e-03	 9.789517e-03	-5.490432e-01	
-1.894414e-04	 6.070123e-04	-2.344602e-01	-4.969908e-03	-4.990112e-03	-3.190364e-03	 9.226581e-03	 2.188480e-01	 1.355743e-02	-6.377507e-03	 2.836988e+00	 9.447541e-01	-3.480040e+00	 6.706458e+01	 6.290246e+01	 4.030523e+01	 1.396343e+01	-4.787975e+00	-2.679993e-01	-1.550955e+00	 3.145337e+00	 2.809528e+00	 7.136358e-03	 9.213385e-05	-6.647727e-03	-2.005858e-03	-1.330594e-02	 1.621067e-03	 1.838518e-05	 1.517048e-04	 3.661901e-04	 4.396073e-05	-1.054316e-11	 9.619574e-03	-6.418609e-02	-1.371689e-03	 3.003224e-03	 2.433788e-03	 1.531899e-01	
-3.686136e-05	 4.700834e-04	 2.575764e-01	 4.318058e-03	 2.662886e-03	 7.884585e-04	 2.723776e-02	 6.013728e-01	 2.996800e-02	 7.199104e-03	-1.336279e+01	 1.692418e+00	 7.596312e+00	-5.642134e+01	 4.030523e+01	 8.485341e+01	 5.416420e+01	-1.204135e+01	-6.860809e-01	-7.561509e-01	 4.797706e+00	 7.360578e+00	 4.866071e-03	 3.241882e-03	-2.507981e-02	-7.105545e-04	-1.609281e-02	-5.921448e-02	 3.368003e-04	-4.180946e-04	 2.157371e-04	-6.204852e-05	 9.117977e-12	-3.464275e-02	-2.823637e-01	 4.736869e-03	-1.403882e-03	 1.438268e-03	 3.894483e-01	
 2.517357e-05	 5.535344e-06	 1.829559e-01	 8.508488e-03	 5.164488e-03	 1.291077e-03	 7.960926e-03	 3.504299e-01	-2.638985e-03	 5.103115e-03	-5.415742e+01	 6.632321e-01	 5.851283e+00	-6.511331e+01	 1.396343e+01	 5.416420e+01	 1.039767e+02	-9.540903e+00	-2.500703e-01	-1.078879e+00	 5.700816e+00	 3.220727e+01	-4.562458e-03	 6.165895e-03	-1.438249e-02	 5.536263e-03	-5.309020e-03	-8.569260e-03	 5.014479e-04	-1.327570e-03	 1.128490e-03	-9.062108e-05	 1.797451e-11	-1.731321e-02	-9.499510e-02	 6.234357e-03	-1.607615e-03	-1.900618e-03	 1.843787e-01	
-3.243854e-05	 5.345471e-05	-1.135708e-01	-1.856580e-03	-2.214129e-03	-5.945932e-04	-2.736033e-03	-1.017646e-01	-6.001651e-03	-3.142009e-03	-2.541734e-01	 4.523218e-02	-2.825885e+00	 1.472921e+01	-4.787975e+00	-1.204135e+01	-9.540903e+00	 6.146830e+00	 2.213787e-02	-1.383914e-01	-2.162816e+00	-2.270225e+00	-1.410790e-03	-1.254476e-03	 3.682001e-03	 1.030931e-03	 2.834109e-03	-1.589771e-03	-6.907624e-05	-1.282009e-05	-3.683255e-05	 1.144934e-05	-3.926483e-12	 9.592206e-03	 3.921101e-02	-1.324147e-03	 1.065465e-03	 1.850406e-04	-6.829921e-02	
-2.830791e-06	-6.220370e-05	 2.528523e-02	 3.606995e-04	 4.828072e-04	 2.115632e-04	 3.486547e-03	 1.181348e-02	-5.980078e-04	 6.335442e-04	 6.546579e-02	-1.874676e-02	-1.840950e-01	-5.905105e+00	-2.679993e-01	-6.860809e-01	-2.500703e-01	 2.213787e-02	 3.387374e+00	 6.155896e-01	 1.462773e-01	 1.943827e-01	 9.857233e-05	 1.257144e-03	-5.304553e-05	 1.145248e-03	-9.145019e-04	-4.066288e-03	 1.707268e-04	-2.086347e-05	 1.392320e-04	 1.459597e-05	 7.615864e-13	-4.793834e-04	 1.770230e-02	 1.849067e-04	-3.665224e-04	-1.647557e-05	 5.271889e-03	
-8.808306e-06	 1.499900e-05	 1.771289e-02	-1.532457e-04	 2.341715e-04	 7.136425e-05	 9.169826e-03	 3.892806e-02	 7.030650e-04	 4.652407e-04	 3.804549e-01	 1.424874e-02	 1.061409e-01	 5.744086e+00	-1.550955e+00	-7.561509e-01	-1.078879e+00	-1.383914e-01	 6.155896e-01	 3.254050e+00	 2.694820e+00	 2.844221e+00	 1.455112e-03	-1.065859e-04	-1.762547e-03	-1.996409e-03	-1.985985e-03	-6.634834e-03	-2.004563e-04	-2.114451e-05	 1.033445e-04	-6.860712e-06	-3.190769e-13	-1.723213e-03	-1.038455e-02	 6.031283e-05	-1.494946e-04	 3.351265e-04	 2.534066e-02	
-8.594325e-06	 2.696176e-05	 5.406144e-02	-1.078023e-03	 5.086508e-04	-4.282162e-04	-1.542718e-03	 9.918738e-02	 4.382518e-03	 1.648385e-03	-5.885405e+00	 1.111539e-01	 2.610870e+00	-1.226239e+01	 3.145337e+00	 4.797706e+00	 5.700816e+00	-2.162816e+00	 1.462773e-01	 2.694820e+00	 1.068555e+01	 1.913479e+01	 1.088256e-03	 9.851854e-04	-8.553302e-04	-1.922959e-03	-5.580957e-03	 3.732225e-03	-7.976574e-05	 4.284271e-04	 1.587312e-04	-9.332371e-06	-2.249681e-12	-5.325967e-03	-2.938542e-02	-2.822390e-05	-4.506817e-04	-6.435120e-05	 6.404938e-02	
 3.137429e-05	-1.966828e-04	 1.581882e-01	 7.475784e-04	 2.717302e-03	-3.598589e-04	-2.262513e-02	 1.087468e-01	 1.134331e-03	 4.794606e-03	-3.245577e+01	 1.450221e-01	 3.328211e+00	-2.477637e+01	 2.809528e+00	 7.360578e+00	 3.220727e+01	-2.270225e+00	 1.943827e-01	 2.844221e+00	 1.913479e+01	 5.263142e+01	-4.841591e-03	 8.329343e-04	 3.344573e-03	-1.062789e-03	-1.071241e-02	 1.984368e-02	-1.764173e-05	 9.986229e-04	 9.739671e-04	-1.349804e-05	 1.593127e-12	-9.609860e-03	 2.658000e-03	 8.093258e-04	-1.778555e-03	-1.142925e-03	 5.590780e-02	
-2.192981e-07	-5.571746e-07	-8.610805e-04	-4.104780e-06	-1.146286e-06	-3.108070e-06	-1.464382e-04	-1.208869e-03	-2.480294e-05	-2.777192e-05	 7.601798e-03	 5.282555e-05	 7.853397e-04	 1.548831e-03	 7.136358e-03	 4.866071e-03	-4.562458e-03	-1.410790e-03	 9.857233e-05	 1.455112e-03	 1.088256e-03	-4.841591e-03	 1.452693e-03	 2.625145e-04	 5.748450e-05	-3.494267e-04	-1.155629e-04	-4.894402e-05	-2.692787e-07	-3.637355e-07	 1.942650e-06	 1.419137e-07	-8.646733e-15	 9.707038e-05	 6.741446e-04	-2.995165e-06	 6.290069e-06	-6.087061e-06	-7.061915e-04	
-6.953254e-08	-7.030216e-07	-5.133191e-04	-1.645384e-06	-1.128482e-06	 6.153133e-07	-4.476101e-05	-4.916279e-04	-5.408444e-05	-1.558011e-05	-1.043889e-03	-9.450834e-05	 1.091962e-03	-2.512983e-03	 9.213385e-05	 3.241882e-03	 6.165895e-03	-1.254476e-03	 1.257144e-03	-1.065859e-04	 9.851854e-04	 8.329343e-04	 2.625145e-04	 8.300986e-04	 7.590158e-05	 7.029802e-04	 7.505632e-05	-5.794421e-04	 1.452437e-07	-2.648485e-07	-9.054428e-07	 9.803505e-08	-3.592609e-15	 6.622298e-05	 5.346478e-04	-1.788788e-06	 3.002160e-06	-7.206531e-06	-3.661045e-04	
-1.792866e-07	-1.780752e-07	-1.648427e-03	-3.515581e-05	-9.920067e-06	-1.073323e-05	 1.750907e-06	-2.905147e-03	-4.076285e-05	-4.448224e-05	-2.261483e-03	-4.220145e-04	-4.100483e-03	 6.234417e-02	-6.647727e-03	-2.507981e-02	-1.438249e-02	 3.682001e-03	-5.304553e-05	-1.762547e-03	-8.553302e-04	 3.344573e-03	 5.748450e-05	 7.590158e-05	 7.309789e-03	-2.928921e-04	 5.293519e-04	 4.065658e-03	-1.268591e-06	-3.525253e-07	-7.108694e-06	 4.150291e-07	-7.418495e-14	 1.556876e-04	 8.450129e-04	-2.203132e-05	 1.398357e-05	 3.612180e-06	-1.562460e-03	
-2.295710e-07	-7.775220e-08	 3.007906e-04	-1.219791e-05	-3.261064e-06	-3.473075e-06	 8.687034e-05	 3.099619e-04	 3.308523e-05	 9.280699e-06	-6.614705e-04	-2.957329e-04	 1.213872e-03	-1.956225e-03	-2.005858e-03	-7.105545e-04	 5.536263e-03	 1.030931e-03	 1.145248e-03	-1.996409e-03	-1.922959e-03	-1.062789e-03	-3.494267e-04	 7.029802e-04	-2.928921e-04	 2.805351e-03	 5.919624e-04	-6.098413e-04	 4.216537e-07	 9.426237e-08	-8.923470e-07	-2.314538e-07	-2.566501e-14	-1.730633e-05	-1.575023e-05	-5.992698e-06	-3.267569e-06	 3.580717e-06	 2.017082e-04	
-6.721482e-07	 5.228334e-06	-1.622214e-03	-4.747625e-06	-3.347390e-06	-5.569753e-06	 1.847435e-05	 1.890211e-04	 1.409177e-04	-3.878581e-05	 4.107023e-03	-5.482785e-04	-1.193651e-03	-1.813783e-02	-1.330594e-02	-1.609281e-02	-5.309020e-03	 2.834109e-03	-9.145019e-04	-1.985985e-03	-5.580957e-03	-1.071241e-02	-1.155629e-04	 7.505632e-05	 5.293519e-04	 5.919624e-04	 6.363425e-03	 7.682708e-03	 1.193334e-07	 3.816130e-07	-8.086109e-07	-4.899528e-07	-9.871969e-15	 2.192328e-05	-1.242038e-03	 9.938049e-06	 2.453647e-05	 1.938020e-05	 3.212664e-04	
-1.194513e-06	 1.489780e-05	-4.459385e-03	 9.123949e-06	-3.447280e-05	-2.819456e-06	-1.217416e-03	-1.391767e-03	 4.957972e-04	-1.156721e-04	-9.111766e-04	-1.240283e-03	-8.088254e-03	 6.742697e-02	 1.621067e-03	-5.921448e-02	-8.569260e-03	-1.589771e-03	-4.066288e-03	-6.634834e-03	 3.732225e-03	 1.984368e-02	-4.894402e-05	-5.794421e-04	 4.065658e-03	-6.098413e-04	 7.682708e-03	 7.101114e-02	 8.004129e-07	 7.438424e-07	-5.235662e-06	-1.852314e-06	 2.127814e-14	 2.194314e-05	-4.006747e-03	 2.838210e-05	 6.944665e-05	 3.383922e-05	-1.781667e-05	
 3.166530e-09	 9.820877e-09	-2.718461e-06	 1.072537e-07	-1.347722e-07	-4.074143e-09	-4.892290e-06	-8.979471e-06	-9.492775e-08	-8.708241e-08	-2.281965e-04	 1.632376e-06	 9.363272e-05	 3.706249e-03	 1.838518e-05	 3.368003e-04	 5.014479e-04	-6.907624e-05	 1.707268e-04	-2.004563e-04	-7.976574e-05	-1.764173e-05	-2.692787e-07	 1.452437e-07	-1.268591e-06	 4.216537e-07	 1.193334e-07	 8.004129e-07	 3.730434e-07	-6.568318e-09	-4.114532e-08	-3.694722e-09	 2.198878e-16	-9.949482e-08	-4.480324e-06	 2.692121e-08	 5.248254e-08	-5.403562e-08	-6.249057e-06	
-3.314426e-10	 2.763125e-08	 3.287230e-06	-2.477403e-07	-3.865110e-08	-1.586098e-07	 1.579472e-07	 5.444763e-06	 1.914417e-06	 1.239163e-07	 6.804488e-04	-2.371883e-06	-5.652594e-05	 8.887909e-04	 1.517048e-04	-4.180946e-04	-1.327570e-03	-1.282009e-05	-2.086347e-05	-2.114451e-05	 4.284271e-04	 9.986229e-04	-3.637355e-07	-2.648485e-07	-3.525253e-07	 9.426237e-08	 3.816130e-07	 7.438424e-07	-6.568318e-09	 3.891570e-07	 3.106826e-08	-1.278934e-10	-5.254705e-16	-1.010462e-06	-1.230668e-05	-9.725973e-08	 3.041847e-08	 2.110282e-07	 5.605557e-06	
 3.019154e-08	-2.088807e-07	 6.005781e-05	 8.435296e-06	 1.841195e-06	-5.874161e-07	 1.916407e-05	-3.377876e-05	-4.538316e-06	 1.562365e-06	 2.937331e-04	 7.868891e-06	-4.189501e-05	 2.394604e-03	 3.661901e-04	 2.157371e-04	 1.128490e-03	-3.683255e-05	 1.392320e-04	 1.033445e-04	 1.587312e-04	 9.739671e-04	 1.942650e-06	-9.054428e-07	-7.108694e-06	-8.923470e-07	-8.086109e-07	-5.235662e-06	-4.114532e-08	 3.106826e-08	 5.019787e-06	 2.951659e-08	 1.769639e-14	-5.121454e-07	 5.076077e-05	 3.315917e-06	-9.042660e-07	-5.042980e-07	-3.245946e-05	
 1.783427e-09	-1.423983e-07	-9.491673e-06	 7.631179e-08	 8.439306e-08	 7.245947e-08	 2.179477e-06	-4.449378e-05	-7.370150e-06	-3.290705e-07	 6.289487e-05	-2.188878e-06	-1.507819e-05	 1.261112e-04	 4.396073e-05	-6.204852e-05	-9.062108e-05	 1.144934e-05	 1.459597e-05	-6.860712e-06	-9.332371e-06	-1.349804e-05	 1.419137e-07	 9.803505e-08	 4.150291e-07	-2.314538e-07	-4.899528e-07	-1.852314e-06	-3.694722e-09	-1.278934e-10	 2.951659e-08	 9.903424e-08	 1.571928e-16	 4.569666e-06	 7.339881e-05	-1.082731e-07	-2.137183e-07	-9.208169e-07	-3.500405e-05	
 1.171745e-15	 1.150187e-16	 3.346242e-12	 3.404702e-13	 3.375211e-14	 1.481174e-13	-3.552308e-13	-8.242210e-13	 1.523942e-13	 9.429136e-14	-9.925020e-12	 4.337585e-13	 1.899922e-12	-2.753460e-11	-1.054316e-11	 9.117977e-12	 1.797451e-11	-3.926483e-12	 7.615864e-13	-3.190769e-13	-2.249681e-12	 1.593127e-12	-8.646733e-15	-3.592609e-15	-7.418495e-14	-2.566501e-14	-9.871969e-15	 2.127814e-14	 2.198878e-16	-5.254705e-16	 1.769639e-14	 1.571928e-16	 7.154649e-22	-3.297672e-13	-1.873162e-12	 1.397481e-13	-2.754654e-14	 1.890098e-14	-4.914490e-13	
-4.151582e-06	-5.925343e-05	-4.090031e-02	-1.558744e-04	-1.273134e-04	-3.891778e-05	 8.010111e-05	-3.267095e-02	-4.036789e-03	-1.187902e-03	 1.468537e-02	-1.131634e-03	-6.170614e-03	 6.106658e-02	 9.619574e-03	-3.464275e-02	-1.731321e-02	 9.592206e-03	-4.793834e-04	-1.723213e-03	-5.325967e-03	-9.609860e-03	 9.707038e-05	 6.622298e-05	 1.556876e-04	-1.730633e-05	 2.192328e-05	 2.194314e-05	-9.949482e-08	-1.010462e-06	-5.121454e-07	 4.569666e-06	-3.297672e-13	 5.291524e-03	 4.236503e-02	-1.881769e-04	 2.334508e-04	-4.762291e-04	-2.303468e-02	
-1.908640e-05	-8.615659e-04	-2.147644e-01	-8.846183e-04	-3.450812e-04	 1.930128e-04	-7.645720e-03	-2.928463e-01	-3.845104e-02	-6.676215e-03	 4.215278e-02	-8.481160e-03	-2.192948e-02	 9.117168e-02	-6.418609e-02	-2.823637e-01	-9.499510e-02	 3.921101e-02	 1.770230e-02	-1.038455e-02	-2.938542e-02	 2.658000e-03	 6.741446e-04	 5.346478e-04	 8.450129e-04	-1.575023e-05	-1.242038e-03	-4.006747e-03	-4.480324e-06	-1.230668e-05	 5.076077e-05	 7.339881e-05	-1.873162e-12	 4.236503e-02	 4.483156e-01	-2.007358e-03	 4.605941e-05	-5.083502e-03	-2.137955e-01	
 1.381199e-07	 4.017880e-06	 8.589925e-04	 6.648043e-05	 6.132540e-06	 2.420367e-05	 1.064274e-04	 1.694422e-03	 2.833859e-05	 2.720625e-05	-2.848513e-03	 1.572293e-04	 6.538784e-04	-1.137503e-02	-1.371689e-03	 4.736869e-03	 6.234357e-03	-1.324147e-03	 1.849067e-04	 6.031283e-05	-2.822390e-05	 8.093258e-04	-2.995165e-06	-1.788788e-06	-2.203132e-05	-5.992698e-06	 9.938049e-06	 2.838210e-05	 2.692121e-08	-9.725973e-08	 3.315917e-06	-1.082731e-07	 1.397481e-13	-1.881769e-04	-2.007358e-03	 4.627604e-05	 1.060457e-06	 3.292566e-06	 8.783698e-04	
-4.219235e-07	 3.959387e-06	-3.719268e-03	-1.303195e-05	-1.710267e-05	-1.053106e-05	 1.599235e-04	-8.686480e-04	-8.735982e-05	-1.004606e-04	 2.052903e-03	-6.098804e-05	-7.509920e-04	 9.544923e-03	 3.003224e-03	-1.403882e-03	-1.607615e-03	 1.065465e-03	-3.665224e-04	-1.494946e-04	-4.506817e-04	-1.778555e-03	 6.290069e-06	 3.002160e-06	 1.398357e-05	-3.267569e-06	 2.453647e-05	 6.944665e-05	 5.248254e-08	 3.041847e-08	-9.042660e-07	-2.137183e-07	-2.754654e-14	 2.334508e-04	 4.605941e-05	 1.060457e-06	 4.127984e-05	-1.062292e-06	-5.156004e-04	
 1.429694e-07	 9.670737e-06	 2.481181e-03	 8.918041e-06	 7.556652e-06	 1.159071e-06	 1.381214e-04	 2.353722e-03	 6.928492e-04	 7.730880e-05	 1.440625e-03	 5.111684e-05	-4.752223e-04	 9.789517e-03	 2.433788e-03	 1.438268e-03	-1.900618e-03	 1.850406e-04	-1.647557e-05	 3.351265e-04	-6.435120e-05	-1.142925e-03	-6.087061e-06	-7.206531e-06	 3.612180e-06	 3.580717e-06	 1.938020e-05	 3.383922e-05	-5.403562e-08	 2.110282e-07	-5.042980e-07	-9.208169e-07	 1.890098e-14	-4.762291e-04	-5.083502e-03	 3.292566e-06	-1.062292e-06	 1.000312e-04	 2.415402e-03	
 3.867789e-06	 3.727527e-04	 1.470467e-01	-2.431381e-04	 3.075417e-04	-2.839661e-04	 3.662391e-02	 4.146025e-01	 2.061900e-02	 4.404251e-03	-5.834866e-02	 1.096566e-02	 3.635167e-02	-5.490432e-01	 1.531899e-01	 3.894483e-01	 1.843787e-01	-6.829921e-02	 5.271889e-03	 2.534066e-02	 6.404938e-02	 5.590780e-02	-7.061915e-04	-3.661045e-04	-1.562460e-03	 2.017082e-04	 3.212664e-04	-1.781667e-05	-6.249057e-06	 5.605557e-06	-3.245946e-05	-3.500405e-05	-4.914490e-13	-2.303468e-02	-2.137955e-01	 8.783698e-04	-5.156004e-04	 2.415402e-03	 2.713309e-01	
