#          omega_b,        omega_cdm,               H0,     ln10^{10}A_s,              n_s,         tau_reio, parameters_smg__2,         indexg_V,       thetai_scf,                M,        A_cib_217,        xi_sz_cib,             A_sz,     ps_A_100_100,     ps_A_143_143,     ps_A_143_217,     ps_A_217_217,         ksz_norm,     gal545_A_100,     gal545_A_143, gal545_A_143_217,     gal545_A_217,    galf_TE_A_100, galf_TE_A_100_143, galf_TE_A_100_217,    galf_TE_A_143, galf_TE_A_143_217,    galf_TE_A_217,       calib_100T,       calib_217T,         A_planck,      100*theta_s,              A_s,              age,           rs_rec,           sigma8,          Omega_m,             fEDE,         log10z_c
 2.791251e-08	 9.238123e-08	 7.201112e-05	 6.557568e-07	 4.333349e-07	 2.339041e-07	-6.525202e-06	-5.336157e-06	 7.023001e-06	 2.044570e-06	-5.220711e-05	 1.141396e-06	-2.089965e-05	 4.895881e-05	-1.727300e-04	-1.939733e-04	-1.014119e-04	 2.314702e-05	 1.327085e-05	-4.010286e-06	-2.292157e-05	-2.088258e-07	-2.238594e-07	-8.976053e-08	-3.997789e-07	-2.444261e-07	-5.043277e-07	-1.723640e-06	 3.818152e-09	-3.442239e-10	 2.094085e-08	-8.996311e-09	 1.394804e-15	-9.197948e-06	-7.669870e-05	 2.462041e-07	-3.743500e-07	 1.106511e-06	 2.288062e-06	
 9.238123e-08	 1.294924e-05	 2.011196e-03	 9.074478e-06	 2.790241e-06	-5.124691e-06	-2.995808e-04	-7.167656e-04	 4.230716e-04	 6.618080e-05	-1.261459e-03	 3.355966e-07	-2.863344e-04	 5.747241e-03	 3.264764e-04	 2.463038e-04	 2.219629e-03	 2.373404e-04	-2.223209e-04	-2.777524e-05	-3.723178e-04	 5.324316e-04	 7.069288e-07	 3.338999e-06	 6.403328e-06	 5.866591e-06	 5.404788e-06	 7.623878e-06	 1.623487e-08	-3.108110e-08	 5.316310e-07	-1.052196e-06	 1.926320e-14	-5.012973e-04	-5.959757e-03	 1.053937e-05	 9.246007e-06	 9.238423e-05	-1.041547e-04	
 7.201112e-05	 2.011196e-03	 6.841491e-01	 3.570798e-03	 2.256598e-03	 5.252813e-04	-4.045328e-02	-1.144951e-01	 8.626153e-02	 2.038756e-02	-2.550791e-01	 2.234462e-03	-8.374617e-02	 1.164030e+00	-3.107221e-01	-4.522753e-01	 2.001186e-02	 1.110763e-01	-1.382231e-02	-6.616296e-02	-1.163085e-01	 3.809031e-02	-8.538754e-04	 1.928598e-05	-1.830052e-04	 6.110120e-04	-1.290708e-03	 4.357650e-04	 2.867473e-05	-7.522175e-06	 1.688212e-04	-1.757726e-04	 7.591067e-12	-1.108946e-01	-1.100280e+00	 1.275645e-03	-1.642948e-03	 1.893942e-02	-2.951411e-03	
 6.557568e-07	 9.074478e-06	 3.570798e-03	 2.092637e-04	 2.180205e-05	 9.038929e-05	-4.917130e-04	-1.017235e-03	 4.739046e-04	 1.064468e-04	-7.581912e-03	 3.036504e-04	-9.014445e-04	-7.748267e-03	-2.514376e-03	 4.307161e-03	 1.179767e-02	-3.782375e-04	 8.359762e-05	-1.564723e-03	-2.812962e-03	 1.474295e-03	-2.746004e-06	-5.415780e-06	 2.475781e-05	 9.041257e-06	 1.243695e-05	-3.729433e-07	 1.381261e-07	-2.298829e-07	 7.595051e-06	-5.116961e-07	 4.447524e-13	-5.494685e-04	-5.243073e-03	 9.112735e-05	-1.091012e-05	 8.569705e-05	-2.327871e-04	
 4.333349e-07	 2.790241e-06	 2.256598e-03	 2.180205e-05	 2.363380e-05	 1.015179e-05	-2.564150e-05	-8.681609e-05	 2.011935e-04	 6.396462e-05	-3.131208e-03	 6.103786e-05	 2.703003e-04	-1.408785e-02	-7.271185e-03	-2.875918e-03	 6.277363e-04	-6.974523e-04	 3.606628e-04	-3.510854e-04	-7.280879e-04	 4.557732e-04	-4.285040e-06	-3.052377e-06	 1.010374e-05	-9.668824e-06	-1.383057e-05	 1.684940e-05	 5.682523e-08	-4.072772e-08	 3.637557e-07	-1.225068e-07	 4.646170e-14	-2.732618e-04	-2.163232e-03	 1.122209e-05	-1.283708e-05	 3.815166e-05	 8.332866e-05	
 2.339041e-07	-5.124691e-06	 5.252813e-04	 9.038929e-05	 1.015179e-05	 5.285725e-05	 7.692385e-05	 2.288814e-04	-8.488696e-05	 1.027968e-05	-2.381563e-03	 1.214709e-04	-2.984792e-04	-8.418454e-03	-2.285801e-03	-3.694794e-04	 3.865161e-04	 1.697643e-04	 4.916195e-04	-5.102367e-04	-7.779205e-04	-4.845465e-04	-5.208618e-06	-4.641172e-06	 1.557023e-05	 4.123353e-06	 1.251130e-05	-5.464056e-06	 3.107085e-08	-6.561885e-08	-2.397281e-06	 4.489645e-07	 1.921326e-13	 8.020504e-05	 1.736499e-03	 3.285946e-05	-1.448264e-05	-2.164291e-05	 6.383016e-05	
-6.525202e-06	-2.995808e-04	-4.045328e-02	-4.917130e-04	-2.564150e-05	 7.692385e-05	 3.734267e-02	 4.315570e-02	-1.457773e-02	-1.359114e-03	 8.953663e-03	-5.404617e-04	 2.699772e-02	-3.748415e-01	-1.201582e-01	-7.215822e-02	-9.318585e-02	-1.521572e-02	 3.604624e-03	-2.214641e-03	 1.623098e-02	-2.316354e-02	-2.919050e-04	 8.183900e-05	-1.272002e-04	 2.294280e-04	 3.283677e-04	-1.128798e-04	 2.863801e-06	-1.805032e-06	-6.769034e-05	 3.005431e-05	-1.043995e-12	 1.129657e-02	 1.394277e-01	-4.405507e-04	-2.785917e-04	-1.970633e-03	 1.268745e-02	
-5.336157e-06	-7.167656e-04	-1.144951e-01	-1.017235e-03	-8.681609e-05	 2.288814e-04	 4.315570e-02	 9.050450e-02	-2.938181e-02	-3.761322e-03	 1.223793e-01	-3.837214e-03	 1.314318e-02	-1.665967e-01	-6.771797e-02	-1.816438e-01	-2.975164e-01	 1.636790e-02	 5.563824e-03	 2.321069e-03	 9.204230e-03	-1.008737e-01	-3.905586e-04	-1.738880e-04	-8.527065e-04	-1.598202e-04	 1.431777e-04	-1.782148e-03	-6.695455e-07	-2.166325e-06	-1.298117e-04	 5.698043e-05	-2.155269e-12	 2.823487e-02	 3.342655e-01	-8.730309e-04	-4.897690e-04	-5.112621e-03	 2.725048e-02	
 7.023001e-06	 4.230716e-04	 8.626153e-02	 4.739046e-04	 2.011935e-04	-8.488696e-05	-1.457773e-02	-2.938181e-02	 1.650140e-02	 2.721179e-03	-3.369906e-02	-1.367490e-05	-1.615694e-02	 2.718523e-01	 9.400056e-03	-2.358579e-02	 5.102826e-02	 1.607193e-02	-5.816436e-03	-3.662667e-03	-1.505847e-02	 1.511273e-02	 3.795682e-05	 7.451117e-05	 2.220722e-04	 1.804365e-04	 3.092698e-06	 4.735081e-04	 2.475610e-06	-2.870057e-07	 3.481354e-05	-3.737407e-05	 1.006111e-12	-1.828908e-02	-2.058098e-01	 3.707638e-04	 1.348625e-04	 3.283898e-03	-4.130468e-03	
 2.044570e-06	 6.618080e-05	 2.038756e-02	 1.064468e-04	 6.396462e-05	 1.027968e-05	-1.359114e-03	-3.761322e-03	 2.721179e-03	 6.308318e-04	-8.171479e-03	 6.498767e-05	-2.673726e-03	 3.399536e-02	-8.499366e-03	-1.247334e-02	 2.091999e-03	 3.312208e-03	-4.394745e-04	-1.852613e-03	-3.715701e-03	 1.336337e-03	-2.206926e-05	 2.003604e-06	-8.980723e-07	 1.691897e-05	-3.038785e-05	 6.826468e-06	 8.254874e-07	-2.420747e-07	 5.145830e-06	-5.664639e-06	 2.262801e-13	-3.460660e-03	-3.520465e-02	 4.466098e-05	-3.645408e-05	 5.967939e-04	-1.732575e-04	
-5.220711e-05	-1.261459e-03	-2.550791e-01	-7.581912e-03	-3.131208e-03	-2.381563e-03	 8.953663e-03	 1.223793e-01	-3.369906e-02	-8.171479e-03	 4.313969e+01	-3.948810e-01	-9.563471e-01	 3.778375e+01	 3.013859e+00	-1.260253e+01	-5.295408e+01	 3.215286e-05	-5.805465e-02	 3.084725e-01	-5.672057e+00	-3.237727e+01	-1.868455e-03	 6.612292e-03	 1.662889e-03	 8.966815e-03	-4.468750e-04	 3.648132e-02	-2.338496e-04	 7.155247e-04	 4.758857e-04	 1.337979e-04	-1.612756e-11	 5.464292e-02	 6.216732e-01	-4.529516e-03	-4.748034e-04	-8.830460e-03	 4.970843e-02	
 1.141396e-06	 3.355966e-07	 2.234462e-03	 3.036504e-04	 6.103786e-05	 1.214709e-04	-5.404617e-04	-3.837214e-03	-1.367490e-05	 6.498767e-05	-3.948810e-01	 7.910448e-02	-4.424092e-02	-5.228270e-01	 8.055866e-01	 1.572582e+00	 5.581316e-01	 4.423350e-02	-1.677400e-03	 1.627627e-02	 1.066327e-01	 1.660877e-01	-1.033377e-04	-9.196153e-05	-3.823580e-04	 7.951957e-05	-9.011163e-05	-2.372827e-03	 3.021294e-06	-1.776657e-06	 5.330475e-07	 7.535083e-07	 6.457104e-13	-2.356728e-04	-1.584042e-03	 1.559166e-04	-1.650802e-05	-1.055859e-05	-2.272957e-03	
-2.089965e-05	-2.863344e-04	-8.374617e-02	-9.014445e-04	 2.703003e-04	-2.984792e-04	 2.699772e-02	 1.314318e-02	-1.615694e-02	-2.673726e-03	-9.563471e-01	-4.424092e-02	 3.887644e+00	-3.114704e+01	-3.245994e+00	 8.137130e+00	 5.853456e+00	-2.701481e+00	-2.624321e-01	 2.715899e-01	 2.557223e+00	 3.113151e+00	-1.135180e-03	-2.588193e-03	 9.765336e-05	-6.294487e-04	 2.328200e-03	-1.453450e-03	 1.121198e-04	-5.999711e-05	 3.796403e-05	 4.978244e-05	-1.908254e-12	 1.487491e-02	 1.581596e-01	-3.851580e-04	 9.125628e-05	-2.316305e-03	-3.216049e-03	
 4.895881e-05	 5.747241e-03	 1.164030e+00	-7.748267e-03	-1.408785e-02	-8.418454e-03	-3.748415e-01	-1.665967e-01	 2.718523e-01	 3.399536e-02	 3.778375e+01	-5.228270e-01	-3.114704e+01	 7.821255e+02	 7.169398e+01	-5.954722e+01	-6.690481e+01	 1.486856e+01	-6.601227e+00	 3.415697e+00	-1.218020e+01	-2.350076e+01	-7.543509e-03	 2.281151e-02	 2.833427e-02	 5.720590e-02	-2.052502e-02	 1.143247e-01	 3.316767e-03	 7.128830e-04	 3.762652e-03	-7.346538e-04	-1.670878e-11	-2.453918e-01	-2.799781e+00	-5.796278e-03	 1.877194e-03	 4.760287e-02	 9.275620e-02	
-1.727300e-04	 3.264764e-04	-3.107221e-01	-2.514376e-03	-7.271185e-03	-2.285801e-03	-1.201582e-01	-6.771797e-02	 9.400056e-03	-8.499366e-03	 3.013859e+00	 8.055866e-01	-3.245994e+00	 7.169398e+01	 5.928920e+01	 3.667597e+01	 1.209218e+01	-4.158827e+00	-1.862689e-01	-1.162672e+00	 3.455485e+00	 4.081621e+00	 2.310257e-03	 2.677986e-03	-7.370091e-03	 1.379225e-02	-1.120262e-02	-2.986598e-02	 4.695415e-05	 1.360352e-04	 1.104716e-03	 2.020438e-05	-5.311078e-12	 2.259180e-02	 6.388367e-02	-2.124085e-03	 3.005893e-03	 4.558549e-04	-3.237765e-02	
-1.939733e-04	 2.463038e-04	-4.522753e-01	 4.307161e-03	-2.875918e-03	-3.694794e-04	-7.215822e-02	-1.816438e-01	-2.358579e-02	-1.247334e-02	-1.260253e+01	 1.572582e+00	 8.137130e+00	-5.954722e+01	 3.667597e+01	 8.320607e+01	 5.192269e+01	-1.151778e+01	-7.165077e-01	-2.604723e-01	 4.949236e+00	 8.328465e+00	-5.791704e-03	-9.971729e-03	-6.738965e-03	 3.279787e-03	 5.092726e-03	-6.490020e-02	 4.100777e-04	-4.386125e-04	 1.285970e-03	 1.137236e-04	 9.220307e-12	 3.703954e-02	 1.699676e-01	 2.316607e-03	 4.010140e-03	-2.237764e-03	-1.170426e-01	
-1.014119e-04	 2.219629e-03	 2.001186e-02	 1.179767e-02	 6.277363e-04	 3.865161e-04	-9.318585e-02	-2.975164e-01	 5.102826e-02	 2.091999e-03	-5.295408e+01	 5.581316e-01	 5.853456e+00	-6.690481e+01	 1.209218e+01	 5.192269e+01	 1.009661e+02	-9.195891e+00	-2.895906e-01	-8.957097e-01	 5.081560e+00	 3.190576e+01	-5.732210e-04	-1.467514e-02	-3.692723e-03	-9.216943e-03	 1.061366e-02	-6.012807e-02	 5.398854e-04	-1.424240e-03	 2.164656e-03	-2.164794e-04	 2.512745e-11	-5.530228e-02	-8.529744e-01	 6.443685e-03	 4.143041e-03	 1.362069e-02	-1.265513e-01	
 2.314702e-05	 2.373404e-04	 1.110763e-01	-3.782375e-04	-6.974523e-04	 1.697643e-04	-1.521572e-02	 1.636790e-02	 1.607193e-02	 3.312208e-03	 3.215286e-05	 4.423350e-02	-2.701481e+00	 1.486856e+01	-4.158827e+00	-1.151778e+01	-9.195891e+00	 5.507590e+00	 7.559986e-02	-2.971310e-01	-1.980482e+00	-2.134511e+00	 1.823796e-03	 1.591310e-03	 1.571276e-03	-9.125223e-04	-4.284439e-03	-2.008227e-03	-7.254721e-05	 1.988045e-05	-8.180850e-05	-3.165445e-05	-8.009044e-13	-1.597866e-02	-1.477168e-01	-3.157722e-04	-4.303181e-04	 2.307591e-03	 1.768905e-02	
 1.327085e-05	-2.223209e-04	-1.382231e-02	 8.359762e-05	 3.606628e-04	 4.916195e-04	 3.604624e-03	 5.563824e-03	-5.816436e-03	-4.394745e-04	-5.805465e-02	-1.677400e-03	-2.624321e-01	-6.601227e+00	-1.862689e-01	-7.165077e-01	-2.895906e-01	 7.559986e-02	 3.425169e+00	 6.124961e-01	 1.741676e-01	 1.188656e-01	 2.261281e-03	-6.212388e-04	 3.054728e-03	-4.212500e-03	 1.706649e-04	 1.283023e-02	 1.684876e-04	-3.816452e-07	-1.883698e-04	 4.729252e-05	 1.774466e-13	 6.359008e-03	 9.100156e-02	 1.617293e-04	-3.043026e-04	-1.752987e-03	-1.419760e-03	
-4.010286e-06	-2.777524e-05	-6.616296e-02	-1.564723e-03	-3.510854e-04	-5.102367e-04	-2.214641e-03	 2.321069e-03	-3.662667e-03	-1.852613e-03	 3.084725e-01	 1.627627e-02	 2.715899e-01	 3.415697e+00	-1.162672e+00	-2.604723e-01	-8.957097e-01	-2.971310e-01	 6.124961e-01	 3.248078e+00	 2.980764e+00	 3.200423e+00	 3.353679e-04	-2.303622e-03	-3.627940e-03	-1.396865e-03	 4.907966e-03	 2.989757e-02	-2.036931e-04	-2.615025e-05	-8.080985e-05	 1.797225e-05	-3.317616e-12	 6.398205e-03	 4.190909e-02	-3.288712e-04	 5.012145e-04	-1.237531e-03	-1.913985e-03	
-2.292157e-05	-3.723178e-04	-1.163085e-01	-2.812962e-03	-7.280879e-04	-7.779205e-04	 1.623098e-02	 9.204230e-03	-1.505847e-02	-3.715701e-03	-5.672057e+00	 1.066327e-01	 2.557223e+00	-1.218020e+01	 3.455485e+00	 4.949236e+00	 5.081560e+00	-1.980482e+00	 1.741676e-01	 2.980764e+00	 1.071971e+01	 1.899500e+01	 2.110767e-03	-2.793777e-03	-4.275088e-03	 2.045162e-05	 1.549881e-03	 2.350745e-02	-6.582019e-05	 3.949318e-04	-1.863849e-04	 7.380985e-05	-5.969867e-12	 1.979932e-02	 2.079281e-01	-1.069767e-03	 1.926182e-04	-3.475927e-03	-6.323642e-03	
-2.088258e-07	 5.324316e-04	 3.809031e-02	 1.474295e-03	 4.557732e-04	-4.845465e-04	-2.316354e-02	-1.008737e-01	 1.511273e-02	 1.336337e-03	-3.237727e+01	 1.660877e-01	 3.113151e+00	-2.350076e+01	 4.081621e+00	 8.328465e+00	 3.190576e+01	-2.134511e+00	 1.188656e-01	 3.200423e+00	 1.899500e+01	 5.248065e+01	 5.482690e-03	-5.323508e-03	-2.515539e-03	-4.306181e-03	 1.286694e-04	 2.118335e-02	 2.699034e-05	 8.724365e-04	 6.277724e-04	 1.626198e-05	 3.148121e-12	-1.664569e-02	-2.169646e-01	 1.774273e-03	 7.660055e-04	 2.505155e-03	-5.138465e-02	
-2.238594e-07	 7.069288e-07	-8.538754e-04	-2.746004e-06	-4.285040e-06	-5.208618e-06	-2.919050e-04	-3.905586e-04	 3.795682e-05	-2.206926e-05	-1.868455e-03	-1.033377e-04	-1.135180e-03	-7.543509e-03	 2.310257e-03	-5.791704e-03	-5.732210e-04	 1.823796e-03	 2.261281e-03	 3.353679e-04	 2.110767e-03	 5.482690e-03	 1.476422e-03	 2.863365e-04	 1.335034e-04	-3.131426e-04	-1.045693e-04	-8.372490e-06	 3.798871e-07	 1.822343e-07	 2.222162e-06	-1.957635e-07	-5.871861e-15	 5.725111e-05	 1.004424e-04	 3.693818e-06	 8.309447e-06	-5.396189e-06	-1.615579e-04	
-8.976053e-08	 3.338999e-06	 1.928598e-05	-5.415780e-06	-3.052377e-06	-4.641172e-06	 8.183900e-05	-1.738880e-04	 7.451117e-05	 2.003604e-06	 6.612292e-03	-9.196153e-05	-2.588193e-03	 2.281151e-02	 2.677986e-03	-9.971729e-03	-1.467514e-02	 1.591310e-03	-6.212388e-04	-2.303622e-03	-2.793777e-03	-5.323508e-03	 2.863365e-04	 8.432022e-04	 4.075455e-06	 7.519509e-04	 8.186405e-05	-8.402511e-04	 7.919595e-07	 1.191588e-07	-1.102467e-06	-8.859375e-08	-1.155938e-14	-8.480991e-05	-1.270039e-03	 2.624891e-06	 6.325209e-06	 1.740573e-05	-4.963059e-05	
-3.997789e-07	 6.403328e-06	-1.830052e-04	 2.475781e-05	 1.010374e-05	 1.557023e-05	-1.272002e-04	-8.527065e-04	 2.220722e-04	-8.980723e-07	 1.662889e-03	-3.823580e-04	 9.765336e-05	 2.833427e-02	-7.370091e-03	-6.738965e-03	-3.692723e-03	 1.571276e-03	 3.054728e-03	-3.627940e-03	-4.275088e-03	-2.515539e-03	 1.335034e-04	 4.075455e-06	 7.460222e-03	-2.495582e-04	 6.716730e-04	 4.489188e-03	-1.513169e-06	-6.203157e-07	-3.814667e-06	-3.703452e-07	 5.234076e-14	-1.385761e-04	-2.307650e-03	 2.054435e-05	 1.375742e-05	 3.774259e-05	-2.218907e-04	
-2.444261e-07	 5.866591e-06	 6.110120e-04	 9.041257e-06	-9.668824e-06	 4.123353e-06	 2.294280e-04	-1.598202e-04	 1.804365e-04	 1.691897e-05	 8.966815e-03	 7.951957e-05	-6.294487e-04	 5.720590e-02	 1.379225e-02	 3.279787e-03	-9.216943e-03	-9.125223e-04	-4.212500e-03	-1.396865e-03	 2.045162e-05	-4.306181e-03	-3.131426e-04	 7.519509e-04	-2.495582e-04	 2.892880e-03	 5.528242e-04	-1.205544e-03	 3.142051e-07	 1.729984e-07	-3.631788e-06	-6.272377e-07	 1.943742e-14	-1.993869e-04	-2.561758e-03	 3.646892e-06	 6.140422e-06	 4.689171e-05	 8.799516e-05	
-5.043277e-07	 5.404788e-06	-1.290708e-03	 1.243695e-05	-1.383057e-05	 1.251130e-05	 3.283677e-04	 1.431777e-04	 3.092698e-06	-3.038785e-05	-4.468750e-04	-9.011163e-05	 2.328200e-03	-2.052502e-02	-1.120262e-02	 5.092726e-03	 1.061366e-02	-4.284439e-03	 1.706649e-04	 4.907966e-03	 1.549881e-03	 1.286694e-04	-1.045693e-04	 8.186405e-05	 6.716730e-04	 5.528242e-04	 6.263608e-03	 7.477149e-03	-9.396599e-07	 4.850851e-07	-6.766826e-06	-6.687441e-07	 2.600759e-14	-1.528792e-05	-1.480789e-03	 7.582560e-06	 2.122471e-05	 2.468332e-05	 1.117887e-04	
-1.723640e-06	 7.623878e-06	 4.357650e-04	-3.729433e-07	 1.684940e-05	-5.464056e-06	-1.128798e-04	-1.782148e-03	 4.735081e-04	 6.826468e-06	 3.648132e-02	-2.372827e-03	-1.453450e-03	 1.143247e-01	-2.986598e-02	-6.490020e-02	-6.012807e-02	-2.008227e-03	 1.283023e-02	 2.989757e-02	 2.350745e-02	 2.118335e-02	-8.372490e-06	-8.402511e-04	 4.489188e-03	-1.205544e-03	 7.477149e-03	 7.281538e-02	-5.650226e-06	 1.492484e-06	 1.893148e-05	-1.583598e-06	-7.996143e-17	-1.910747e-04	-2.706091e-03	-2.440690e-06	 8.118963e-06	 9.420119e-05	-4.355860e-04	
 3.818152e-09	 1.623487e-08	 2.867473e-05	 1.381261e-07	 5.682523e-08	 3.107085e-08	 2.863801e-06	-6.695455e-07	 2.475610e-06	 8.254874e-07	-2.338496e-04	 3.021294e-06	 1.121198e-04	 3.316767e-03	 4.695415e-05	 4.100777e-04	 5.398854e-04	-7.254721e-05	 1.684876e-04	-2.036931e-04	-6.582019e-05	 2.699034e-05	 3.798871e-07	 7.919595e-07	-1.513169e-06	 3.142051e-07	-9.396599e-07	-5.650226e-06	 3.698876e-07	-1.473748e-09	-3.960912e-09	 9.531679e-11	 2.897244e-16	-2.989501e-06	-1.979253e-05	-2.659753e-08	-2.072861e-07	 4.852179e-07	 2.063531e-06	
-3.442239e-10	-3.108110e-08	-7.522175e-06	-2.298829e-07	-4.072772e-08	-6.561885e-08	-1.805032e-06	-2.166325e-06	-2.870057e-07	-2.420747e-07	 7.155247e-04	-1.776657e-06	-5.999711e-05	 7.128830e-04	 1.360352e-04	-4.386125e-04	-1.424240e-03	 1.988045e-05	-3.816452e-07	-2.615025e-05	 3.949318e-04	 8.724365e-04	 1.822343e-07	 1.191588e-07	-6.203157e-07	 1.729984e-07	 4.850851e-07	 1.492484e-06	-1.473748e-09	 3.709434e-07	-3.173823e-08	 5.201791e-09	-4.947295e-16	 1.371656e-06	 1.507348e-05	-5.936538e-08	 3.804856e-09	-2.989509e-07	-1.194793e-06	
 2.094085e-08	 5.316310e-07	 1.688212e-04	 7.595051e-06	 3.637557e-07	-2.397281e-06	-6.769034e-05	-1.298117e-04	 3.481354e-05	 5.145830e-06	 4.758857e-04	 5.330475e-07	 3.796403e-05	 3.762652e-03	 1.104716e-03	 1.285970e-03	 2.164656e-03	-8.180850e-05	-1.883698e-04	-8.080985e-05	-1.863849e-04	 6.277724e-04	 2.222162e-06	-1.102467e-06	-3.814667e-06	-3.631788e-06	-6.766826e-06	 1.893148e-05	-3.960912e-09	-3.173823e-08	 5.793494e-06	-7.883398e-08	 1.614350e-14	-2.860209e-05	-2.956625e-04	 3.128129e-06	-3.237317e-07	 5.166621e-06	-4.501188e-05	
-8.996311e-09	-1.052196e-06	-1.757726e-04	-5.116961e-07	-1.225068e-07	 4.489645e-07	 3.005431e-05	 5.698043e-05	-3.737407e-05	-5.664639e-06	 1.337979e-04	 7.535083e-07	 4.978244e-05	-7.346538e-04	 2.020438e-05	 1.137236e-04	-2.164794e-04	-3.165445e-05	 4.729252e-05	 1.797225e-05	 7.380985e-05	 1.626198e-05	-1.957635e-07	-8.859375e-08	-3.703452e-07	-6.272377e-07	-6.687441e-07	-1.583598e-06	 9.531679e-11	 5.201791e-09	-7.883398e-08	 1.887266e-07	-1.083242e-15	 4.182583e-05	 5.040220e-04	-4.013363e-07	-6.483732e-07	-8.134645e-06	 5.327991e-06	
 1.394804e-15	 1.926320e-14	 7.591067e-12	 4.447524e-13	 4.646170e-14	 1.921326e-13	-1.043995e-12	-2.155269e-12	 1.006111e-12	 2.262801e-13	-1.612756e-11	 6.457104e-13	-1.908254e-12	-1.670878e-11	-5.311078e-12	 9.220307e-12	 2.512745e-11	-8.009044e-13	 1.774466e-13	-3.317616e-12	-5.969867e-12	 3.148121e-12	-5.871861e-15	-1.155938e-14	 5.234076e-14	 1.943742e-14	 2.600759e-14	-7.996143e-17	 2.897244e-16	-4.947295e-16	 1.614350e-14	-1.083242e-15	 9.453390e-22	-1.167337e-12	-1.113452e-11	 1.936907e-13	-2.324848e-14	 1.820015e-13	-4.925689e-13	
-9.197948e-06	-5.012973e-04	-1.108946e-01	-5.494685e-04	-2.732618e-04	 8.020504e-05	 1.129657e-02	 2.823487e-02	-1.828908e-02	-3.460660e-03	 5.464292e-02	-2.356728e-04	 1.487491e-02	-2.453918e-01	 2.259180e-02	 3.703954e-02	-5.530228e-02	-1.597866e-02	 6.359008e-03	 6.398205e-03	 1.979932e-02	-1.664569e-02	 5.725111e-05	-8.480991e-05	-1.385761e-04	-1.993869e-04	-1.528792e-05	-1.910747e-04	-2.989501e-06	 1.371656e-06	-2.860209e-05	 4.182583e-05	-1.167337e-12	 2.236175e-02	 2.465067e-01	-3.816591e-04	-8.547638e-05	-3.979834e-03	 2.852316e-03	
-7.669870e-05	-5.959757e-03	-1.100280e+00	-5.243073e-03	-2.163232e-03	 1.736499e-03	 1.394277e-01	 3.342655e-01	-2.058098e-01	-3.520465e-02	 6.216732e-01	-1.584042e-03	 1.581596e-01	-2.799781e+00	 6.388367e-02	 1.699676e-01	-8.529744e-01	-1.477168e-01	 9.100156e-02	 4.190909e-02	 2.079281e-01	-2.169646e-01	 1.004424e-04	-1.270039e-03	-2.307650e-03	-2.561758e-03	-1.480789e-03	-2.706091e-03	-1.979253e-05	 1.507348e-05	-2.956625e-04	 5.040220e-04	-1.113452e-11	 2.465067e-01	 2.830694e+00	-4.703547e-03	-2.825535e-03	-4.467229e-02	 4.153110e-02	
 2.462041e-07	 1.053937e-05	 1.275645e-03	 9.112735e-05	 1.122209e-05	 3.285946e-05	-4.405507e-04	-8.730309e-04	 3.707638e-04	 4.466098e-05	-4.529516e-03	 1.559166e-04	-3.851580e-04	-5.796278e-03	-2.124085e-03	 2.316607e-03	 6.443685e-03	-3.157722e-04	 1.617293e-04	-3.288712e-04	-1.069767e-03	 1.774273e-03	 3.693818e-06	 2.624891e-06	 2.054435e-05	 3.646892e-06	 7.582560e-06	-2.440690e-06	-2.659753e-08	-5.936538e-08	 3.128129e-06	-4.013363e-07	 1.936907e-13	-3.816591e-04	-4.703547e-03	 5.419511e-05	 1.098022e-05	 6.236502e-05	-2.387372e-04	
-3.743500e-07	 9.246007e-06	-1.642948e-03	-1.091012e-05	-1.283708e-05	-1.448264e-05	-2.785917e-04	-4.897690e-04	 1.348625e-04	-3.645408e-05	-4.748034e-04	-1.650802e-05	 9.125628e-05	 1.877194e-03	 3.005893e-03	 4.010140e-03	 4.143041e-03	-4.303181e-04	-3.043026e-04	 5.012145e-04	 1.926182e-04	 7.660055e-04	 8.309447e-06	 6.325209e-06	 1.375742e-05	 6.140422e-06	 2.122471e-05	 8.118963e-06	-2.072861e-07	 3.804856e-09	-3.237317e-07	-6.483732e-07	-2.324848e-14	-8.547638e-05	-2.825535e-03	 1.098022e-05	 3.218910e-05	 2.746187e-05	-1.826974e-04	
 1.106511e-06	 9.238423e-05	 1.893942e-02	 8.569705e-05	 3.815166e-05	-2.164291e-05	-1.970633e-03	-5.112621e-03	 3.283898e-03	 5.967939e-04	-8.830460e-03	-1.055859e-05	-2.316305e-03	 4.760287e-02	 4.558549e-04	-2.237764e-03	 1.362069e-02	 2.307591e-03	-1.752987e-03	-1.237531e-03	-3.475927e-03	 2.505155e-03	-5.396189e-06	 1.740573e-05	 3.774259e-05	 4.689171e-05	 2.468332e-05	 9.420119e-05	 4.852179e-07	-2.989509e-07	 5.166621e-06	-8.134645e-06	 1.820015e-13	-3.979834e-03	-4.467229e-02	 6.236502e-05	 2.746187e-05	 7.264756e-04	-5.191197e-04	
 2.288062e-06	-1.041547e-04	-2.951411e-03	-2.327871e-04	 8.332866e-05	 6.383016e-05	 1.268745e-02	 2.725048e-02	-4.130468e-03	-1.732575e-04	 4.970843e-02	-2.272957e-03	-3.216049e-03	 9.275620e-02	-3.237765e-02	-1.170426e-01	-1.265513e-01	 1.768905e-02	-1.419760e-03	-1.913985e-03	-6.323642e-03	-5.138465e-02	-1.615579e-04	-4.963059e-05	-2.218907e-04	 8.799516e-05	 1.117887e-04	-4.355860e-04	 2.063531e-06	-1.194793e-06	-4.501188e-05	 5.327991e-06	-4.925689e-13	 2.852316e-03	 4.153110e-02	-2.387372e-04	-1.826974e-04	-5.191197e-04	 1.221593e-02	
