#          omega_b,        omega_cdm,               H0,     ln10^{10}A_s,              n_s,         tau_reio, parameters_smg__2,         indexg_V,       thetai_scf,                M,        A_cib_217,        xi_sz_cib,             A_sz,     ps_A_100_100,     ps_A_143_143,     ps_A_143_217,     ps_A_217_217,         ksz_norm,     gal545_A_100,     gal545_A_143, gal545_A_143_217,     gal545_A_217,    galf_TE_A_100, galf_TE_A_100_143, galf_TE_A_100_217,    galf_TE_A_143, galf_TE_A_143_217,    galf_TE_A_217,       calib_100T,       calib_217T,         A_planck,      100*theta_s,              A_s,              age,           rs_rec,           sigma8,          Omega_m,             fEDE,         log10z_c
 1.907780e-08	-1.683905e-08	 3.302249e-05	 3.031899e-07	 2.689827e-07	 1.335454e-07	 2.765241e-07	 1.088889e-05	 1.303002e-06	 8.882695e-07	-4.106501e-05	-2.278383e-06	 3.787692e-05	-5.188282e-04	-2.887459e-04	-9.008061e-05	-9.157177e-06	-5.055061e-05	 2.001618e-05	-1.339401e-05	-1.406961e-05	-1.408726e-05	 3.160868e-07	-1.382326e-08	-9.808989e-09	-8.650679e-08	-9.912303e-07	-5.428010e-06	 2.911500e-09	 2.737219e-09	-6.097453e-09	 1.455825e-09	 6.379152e-16	-2.973635e-06	-1.441233e-05	 1.283139e-08	-2.927254e-07	 1.662304e-07	 7.957221e-06	
-1.683905e-08	 1.739578e-06	-1.438320e-06	-4.919276e-07	 1.784884e-07	-1.573391e-06	 4.320027e-06	 3.253597e-04	 6.385475e-05	 1.743753e-06	-6.200115e-04	 4.098593e-05	-1.110454e-04	 4.856010e-04	 7.888003e-04	 1.139798e-03	 7.419005e-04	 2.292269e-04	-1.493431e-04	-8.800481e-05	-1.698628e-04	 2.716203e-05	-1.131540e-06	-9.760062e-07	-3.302240e-06	 1.281406e-07	 1.647011e-07	-2.172168e-05	-1.084978e-07	-5.225391e-08	-3.176660e-07	-8.111200e-08	-1.025972e-15	-4.607435e-05	-7.016906e-04	 3.786963e-06	 3.709505e-06	 7.409904e-06	 2.719963e-04	
 3.302249e-05	-1.438320e-06	 2.679858e-01	 2.556109e-03	 1.304515e-03	 1.194867e-03	 9.009986e-03	 1.996887e-01	 1.723185e-02	 7.377484e-03	 3.645304e-01	-8.123338e-03	 1.265385e-01	-9.466334e-01	-5.417345e-01	-1.497343e-01	-4.242567e-01	-1.274182e-01	 2.329623e-02	-5.512003e-03	-3.696791e-02	-2.816136e-01	-2.584196e-04	-8.980285e-04	 6.198635e-04	-1.136172e-03	-1.784143e-03	-8.542710e-03	-2.717205e-06	 4.059069e-06	 1.601582e-04	 7.842329e-06	 5.398554e-12	-2.446897e-02	-1.200210e-01	 1.025754e-03	-2.350727e-03	 2.019286e-03	 1.371619e-01	
 3.031899e-07	-4.919276e-07	 2.556109e-03	 2.172026e-04	 1.964194e-05	 9.897399e-05	 5.425534e-05	-5.673257e-06	 2.506576e-04	 7.257523e-05	 1.703958e-03	 2.360905e-04	 1.028233e-03	-3.133431e-02	 1.237022e-03	 4.608094e-03	 2.027522e-03	-3.884143e-03	 1.155744e-03	-2.762729e-04	 4.743246e-04	-3.976599e-04	-4.048616e-05	-7.206275e-06	 6.958678e-05	-7.121624e-05	 3.886361e-05	 1.361694e-05	-3.699258e-07	-7.115299e-08	 1.142712e-05	-4.633528e-08	 4.557744e-13	-2.196235e-04	-9.813381e-04	 8.317338e-05	-2.340696e-05	 2.911389e-05	 4.059242e-04	
 2.689827e-07	 1.784884e-07	 1.304515e-03	 1.964194e-05	 1.820103e-05	 8.644183e-06	-4.655879e-05	 5.418415e-04	 9.500065e-05	 3.683922e-05	-3.912644e-03	 4.005597e-05	 1.155106e-03	-2.916953e-02	-8.622797e-03	 1.187762e-03	 5.516898e-03	-2.508612e-03	 1.157677e-03	-4.403394e-04	-9.585386e-04	 3.633769e-05	 7.828193e-06	-4.377125e-07	 4.442046e-06	-1.251191e-05	-2.226153e-05	-2.844654e-05	-2.287776e-08	 2.989273e-08	 1.498558e-06	 4.129740e-08	 4.130246e-14	-1.270027e-04	-7.053445e-04	 1.075343e-05	-1.084039e-05	 1.064480e-05	 4.107482e-04	
 1.335454e-07	-1.573391e-06	 1.194867e-03	 9.897399e-05	 8.644183e-06	 5.246380e-05	 1.105483e-05	-3.642584e-04	 7.955639e-05	 3.219617e-05	 4.177967e-04	 2.036995e-05	 6.148941e-04	-1.483400e-02	-1.531372e-03	-3.640649e-06	-5.498723e-04	-2.076636e-03	 5.984133e-04	-1.170660e-04	-2.066378e-04	-1.489350e-03	-2.043451e-05	 3.147765e-06	 1.356110e-05	-2.025159e-05	 1.687691e-05	 2.213627e-07	-9.931950e-08	-1.518619e-08	 9.146270e-08	-1.656157e-09	 2.076874e-13	-6.634970e-05	 8.573537e-05	 3.391434e-05	-1.386282e-05	 9.557720e-06	-5.128977e-05	
 2.765241e-07	 4.320027e-06	 9.009986e-03	 5.425534e-05	-4.655879e-05	 1.105483e-05	 2.922361e-02	 5.081545e-02	-2.277669e-03	 1.834897e-04	-3.838875e-02	-1.189928e-03	 2.028784e-02	-3.094263e-01	-1.350025e-01	-7.148959e-02	 1.628243e-02	 5.335283e-03	 1.253627e-02	-5.399584e-03	 1.660237e-02	 6.560662e-02	-7.664044e-04	 5.461972e-04	-2.781645e-04	 3.356544e-04	 5.373894e-04	-1.316255e-03	 2.417833e-07	 5.435315e-07	 2.069758e-05	 5.596258e-06	 1.123175e-13	-9.220040e-04	-4.574508e-03	 8.198613e-05	-7.189427e-05	 1.175903e-04	 2.746788e-02	
 1.088889e-05	 3.253597e-04	 1.996887e-01	-5.673257e-06	 5.418415e-04	-3.642584e-04	 5.081545e-02	 5.729470e-01	 1.264932e-02	 5.685957e-03	 5.807461e-01	-3.093364e-03	 8.727130e-02	-7.260882e-01	-3.640679e-01	-1.675374e-01	-8.471284e-01	 6.223471e-02	-2.274491e-02	-1.010092e-02	-2.809474e-02	-3.176893e-01	-2.505476e-03	-1.541091e-03	 3.204369e-04	-1.262088e-03	-6.417092e-04	-6.099090e-03	-4.420023e-05	 7.314363e-06	 8.048369e-05	-7.533016e-06	 4.639196e-14	-2.668742e-02	-2.137704e-01	 1.506332e-03	-1.078887e-03	 1.482489e-03	 3.409737e-01	
 1.303002e-06	 6.385475e-05	 1.723185e-02	 2.506576e-04	 9.500065e-05	 7.955639e-05	-2.277669e-03	 1.264932e-02	 5.034333e-03	 5.469308e-04	 1.045209e-02	 1.465383e-03	-4.110580e-03	 1.180113e-01	 4.474942e-02	 3.897094e-02	-1.026681e-02	-4.386562e-05	-8.725869e-03	-3.935819e-03	-6.246469e-03	-1.907109e-02	-2.455705e-05	-1.827412e-04	 1.993867e-05	-1.298115e-04	-2.048687e-04	-1.996753e-03	-2.872546e-06	-2.111139e-06	 2.502833e-06	-5.531741e-06	 5.250310e-13	-3.261929e-03	-3.408341e-02	 1.695924e-04	-1.555967e-05	 5.459751e-04	 1.495998e-02	
 8.882695e-07	 1.743753e-06	 7.377484e-03	 7.257523e-05	 3.683922e-05	 3.219617e-05	 1.834897e-04	 5.685957e-03	 5.469308e-04	 2.241115e-04	 9.734684e-03	-1.317400e-04	 3.450123e-03	-2.539870e-02	-1.346045e-02	-2.132895e-03	-1.216297e-02	-3.256701e-03	 4.355362e-04	 2.335228e-04	-2.888742e-04	-6.764948e-03	 3.236884e-06	-1.913828e-05	 2.438765e-05	-3.559778e-05	-6.557307e-05	-1.771630e-04	-1.568417e-07	 1.153300e-07	 4.635231e-06	 1.725804e-07	 1.532846e-13	-7.208394e-04	-4.017681e-03	 3.309403e-05	-6.089853e-05	 6.348158e-05	 3.978186e-03	
-4.106501e-05	-6.200115e-04	 3.645304e-01	 1.703958e-03	-3.912644e-03	 4.177967e-04	-3.838875e-02	 5.807461e-01	 1.045209e-02	 9.734684e-03	 4.494090e+01	-4.815867e-01	-1.013513e+00	 4.180867e+01	 4.040558e+00	-1.439403e+01	-5.509448e+01	-1.042128e-01	-1.829629e-01	 2.880374e-01	-5.768635e+00	-3.264138e+01	 8.422574e-03	-3.391268e-04	 1.765284e-02	 1.152866e-02	 1.447346e-02	 1.510505e-01	-1.585254e-04	 7.852400e-04	 1.988410e-03	 1.237344e-04	 3.839145e-12	-1.441549e-02	 1.365857e-01	-2.056408e-03	-4.665443e-03	 2.266495e-04	 3.333578e-01	
-2.278383e-06	 4.098593e-05	-8.123338e-03	 2.360905e-04	 4.005597e-05	 2.036995e-05	-1.189928e-03	-3.093364e-03	 1.465383e-03	-1.317400e-04	-4.815867e-01	 8.024728e-02	-3.476562e-02	-4.839703e-01	 9.936314e-01	 1.752858e+00	 7.313727e-01	 6.532125e-02	 1.376989e-03	 3.589869e-02	 1.664552e-01	 2.987777e-01	 6.941561e-04	-4.818087e-04	-1.009925e-03	-1.550151e-03	-1.794690e-03	-6.601395e-03	 2.538984e-06	-9.638579e-06	 3.774266e-05	-6.094311e-06	 5.079359e-13	-3.202957e-04	-1.308932e-02	 2.023714e-04	 1.568593e-04	 1.585954e-04	 1.831148e-05	
 3.787692e-05	-1.110454e-04	 1.265385e-01	 1.028233e-03	 1.155106e-03	 6.148941e-04	 2.028784e-02	 8.727130e-02	-4.110580e-03	 3.450123e-03	-1.013513e+00	-3.476562e-02	 4.120905e+00	-3.465329e+01	-3.969675e+00	 7.575753e+00	 5.247655e+00	-2.779507e+00	-2.823902e-01	 6.955012e-03	 2.590471e+00	 3.269124e+00	 2.690080e-03	 3.668949e-04	 3.642605e-03	-1.753318e-03	 6.346961e-03	-5.901705e-03	 5.592550e-05	-9.614857e-05	 1.710794e-05	 3.159697e-05	 2.166661e-12	-9.246444e-03	-1.748770e-02	 5.292395e-04	-1.311766e-03	-1.598913e-04	 4.348106e-02	
-5.188282e-04	 4.856010e-04	-9.466334e-01	-3.133431e-02	-2.916953e-02	-1.483400e-02	-3.094263e-01	-7.260882e-01	 1.180113e-01	-2.539870e-02	 4.180867e+01	-4.839703e-01	-3.465329e+01	 8.331058e+02	 8.334522e+01	-4.859245e+01	-6.315013e+01	 1.538212e+01	-5.230433e+00	 7.384159e+00	-1.679445e+01	-3.460644e+01	-4.645538e-02	-1.322960e-02	-1.489174e-02	 7.935447e-02	 5.043171e-02	 3.744097e-01	 4.541611e-03	 8.756125e-04	 8.307485e-04	-1.522110e-04	-6.667470e-11	 8.466434e-02	 3.604210e-01	-2.264381e-02	 8.597464e-03	 6.834530e-03	-1.632407e-01	
-2.887459e-04	 7.888003e-04	-5.417345e-01	 1.237022e-03	-8.622797e-03	-1.531372e-03	-1.350025e-01	-3.640679e-01	 4.474942e-02	-1.346045e-02	 4.040558e+00	 9.936314e-01	-3.969675e+00	 8.334522e+01	 6.665634e+01	 4.321088e+01	 1.497401e+01	-4.163299e+00	-1.129262e+00	-4.432883e-01	 3.736601e+00	 2.408247e+00	-2.675549e-03	-7.276788e-03	-8.866214e-03	-1.473777e-02	 1.023675e-02	-8.832076e-02	-1.788343e-05	-1.381332e-05	 1.311880e-03	-8.000126e-05	 2.576304e-12	 3.456846e-02	 5.547039e-03	-4.721622e-04	 6.039049e-03	 3.477156e-03	-1.373328e-01	
-9.008061e-05	 1.139798e-03	-1.497343e-01	 4.608094e-03	 1.187762e-03	-3.640649e-06	-7.148959e-02	-1.675374e-01	 3.897094e-02	-2.132895e-03	-1.439403e+01	 1.752858e+00	 7.575753e+00	-4.859245e+01	 4.321088e+01	 8.708323e+01	 5.418254e+01	-1.101746e+01	-1.598069e+00	-5.321779e-01	 5.284881e+00	 8.635891e+00	 1.602945e-02	-6.779518e-03	-8.237677e-04	-3.775529e-02	 1.316280e-03	-1.659965e-01	 2.087639e-04	-8.432783e-04	 4.522085e-04	-6.646417e-05	 9.736897e-12	-1.488799e-02	-3.694682e-01	 5.164120e-03	 3.612187e-03	 4.214842e-03	-5.544073e-02	
-9.157177e-06	 7.419005e-04	-4.242567e-01	 2.027522e-03	 5.516898e-03	-5.498723e-04	 1.628243e-02	-8.471284e-01	-1.026681e-02	-1.216297e-02	-5.509448e+01	 7.313727e-01	 5.247655e+00	-6.315013e+01	 1.497401e+01	 5.418254e+01	 1.022107e+02	-8.791149e+00	-6.966662e-01	-1.275717e+00	 4.777832e+00	 3.111780e+01	-1.065129e-02	-1.157761e-03	 7.825420e-03	-2.780430e-02	 1.289560e-02	-2.054907e-01	 2.555998e-04	-1.701759e-03	-7.029418e-04	-4.983965e-05	 3.754801e-12	 1.790193e-02	-1.311924e-01	 4.362812e-03	 5.372941e-03	 3.577128e-04	-4.934431e-01	
-5.055061e-05	 2.292269e-04	-1.274182e-01	-3.884143e-03	-2.508612e-03	-2.076636e-03	 5.335283e-03	 6.223471e-02	-4.386562e-05	-3.256701e-03	-1.042128e-01	 6.532125e-02	-2.779507e+00	 1.538212e+01	-4.163299e+00	-1.101746e+01	-8.791149e+00	 5.656525e+00	 1.104613e-01	-1.344312e-01	-1.819318e+00	-1.798735e+00	-3.007040e-03	-3.090212e-03	-3.617350e-03	 2.376709e-03	-1.501057e-02	 1.218564e-02	-6.611143e-05	 6.250467e-05	 2.467042e-04	-4.015160e-05	-8.043320e-12	 6.473211e-03	-2.415174e-02	-1.283159e-03	 1.547114e-03	-1.150301e-04	 3.043506e-02	
 2.001618e-05	-1.493431e-04	 2.329623e-02	 1.155744e-03	 1.157677e-03	 5.984133e-04	 1.253627e-02	-2.274491e-02	-8.725869e-03	 4.355362e-04	-1.829629e-01	 1.376989e-03	-2.823902e-01	-5.230433e+00	-1.129262e+00	-1.598069e+00	-6.966662e-01	 1.104613e-01	 3.276839e+00	 5.267298e-01	 1.009819e-01	 1.152418e-01	-2.504251e-03	-1.427370e-03	-4.504079e-03	-4.029405e-04	 2.630774e-03	 1.111867e-02	 1.862294e-04	-1.339022e-05	 8.682462e-05	 2.980893e-05	 2.446135e-12	 1.435689e-03	 4.653569e-02	 4.103739e-04	-4.861609e-04	-5.559276e-04	-3.021500e-02	
-1.339401e-05	-8.800481e-05	-5.512003e-03	-2.762729e-04	-4.403394e-04	-1.170660e-04	-5.399584e-03	-1.010092e-02	-3.935819e-03	 2.335228e-04	 2.880374e-01	 3.589869e-02	 6.955012e-03	 7.384159e+00	-4.432883e-01	-5.321779e-01	-1.275717e+00	-1.344312e-01	 5.267298e-01	 2.887150e+00	 2.443731e+00	 2.635053e+00	-9.509894e-04	-3.280221e-03	-7.524565e-03	 8.496762e-04	-1.029579e-03	-2.106044e-03	-1.549871e-04	-4.824344e-05	 1.436191e-04	 2.410689e-05	-5.383363e-13	 3.197560e-03	 4.625758e-02	-2.861239e-04	-1.608733e-04	-5.690351e-04	-1.404055e-02	
-1.406961e-05	-1.698628e-04	-3.696791e-02	 4.743246e-04	-9.585386e-04	-2.066378e-04	 1.660237e-02	-2.809474e-02	-6.246469e-03	-2.888742e-04	-5.768635e+00	 1.664552e-01	 2.590471e+00	-1.679445e+01	 3.736601e+00	 5.284881e+00	 4.777832e+00	-1.819318e+00	 1.009819e-01	 2.443731e+00	 1.053764e+01	 1.928414e+01	 1.777508e-04	-6.451625e-03	-1.189946e-02	-2.831254e-03	-5.619783e-03	-2.471220e-02	-1.046470e-04	 3.934728e-04	 5.937874e-04	 1.640017e-05	 1.032690e-12	 8.126711e-03	 8.979986e-02	-3.724493e-04	-6.298784e-05	-7.816267e-04	-1.638018e-02	
-1.408726e-05	 2.716203e-05	-2.816136e-01	-3.976599e-04	 3.633769e-05	-1.489350e-03	 6.560662e-02	-3.176893e-01	-1.907109e-02	-6.764948e-03	-3.264138e+01	 2.987777e-01	 3.269124e+00	-3.460644e+01	 2.408247e+00	 8.635891e+00	 3.111780e+01	-1.798735e+00	 1.152418e-01	 2.635053e+00	 1.928414e+01	 5.311956e+01	-7.825731e-03	-9.429760e-03	-2.765229e-02	-3.166963e-03	-1.910053e-02	-9.592671e-02	-1.074819e-04	 9.856081e-04	 8.917585e-04	-7.568606e-05	-1.003017e-12	 2.436803e-02	 9.628093e-02	 4.428593e-04	 2.531206e-03	-1.805115e-03	-1.833610e-01	
 3.160868e-07	-1.131540e-06	-2.584196e-04	-4.048616e-05	 7.828193e-06	-2.043451e-05	-7.664044e-04	-2.505476e-03	-2.455705e-05	 3.236884e-06	 8.422574e-03	 6.941561e-04	 2.690080e-03	-4.645538e-02	-2.675549e-03	 1.602945e-02	-1.065129e-02	-3.007040e-03	-2.504251e-03	-9.509894e-04	 1.777508e-04	-7.825731e-03	 1.557808e-03	 2.920130e-04	 1.267713e-04	-2.802802e-04	-1.313717e-04	-2.976262e-04	 6.721942e-07	-1.093079e-07	-2.115733e-06	 2.770240e-08	-8.473645e-14	 4.477183e-05	 4.236609e-04	-2.118959e-05	 7.668077e-07	-9.117987e-06	-1.549111e-03	
-1.382326e-08	-9.760062e-07	-8.980285e-04	-7.206275e-06	-4.377125e-07	 3.147765e-06	 5.461972e-04	-1.541091e-03	-1.827412e-04	-1.913828e-05	-3.391268e-04	-4.818087e-04	 3.668949e-04	-1.322960e-02	-7.276788e-03	-6.779518e-03	-1.157761e-03	-3.090212e-03	-1.427370e-03	-3.280221e-03	-6.451625e-03	-9.429760e-03	 2.920130e-04	 8.499707e-04	 3.695858e-05	 7.603606e-04	 5.072668e-05	-6.405276e-04	 4.874755e-07	-8.599626e-08	-5.656956e-06	 2.327242e-07	-1.586490e-14	 1.067439e-04	 8.068710e-04	-4.677291e-06	 5.939980e-06	-7.428831e-06	-1.119623e-03	
-9.808989e-09	-3.302240e-06	 6.198635e-04	 6.958678e-05	 4.442046e-06	 1.356110e-05	-2.781645e-04	 3.204369e-04	 1.993867e-05	 2.438765e-05	 1.765284e-02	-1.009925e-03	 3.642605e-03	-1.489174e-02	-8.866214e-03	-8.237677e-04	 7.825420e-03	-3.617350e-03	-4.504079e-03	-7.524565e-03	-1.189946e-02	-2.765229e-02	 1.267713e-04	 3.695858e-05	 7.536245e-03	-5.975997e-04	 8.304723e-04	 5.231023e-03	-6.017257e-07	-9.586800e-07	 2.424371e-05	-8.399917e-07	 1.408197e-13	 3.444567e-05	 9.675972e-04	 1.646584e-05	-1.293365e-05	-2.312130e-06	 2.424232e-04	
-8.650679e-08	 1.281406e-07	-1.136172e-03	-7.121624e-05	-1.251191e-05	-2.025159e-05	 3.356544e-04	-1.262088e-03	-1.298115e-04	-3.559778e-05	 1.152866e-02	-1.550151e-03	-1.753318e-03	 7.935447e-02	-1.473777e-02	-3.775529e-02	-2.780430e-02	 2.376709e-03	-4.029405e-04	 8.496762e-04	-2.831254e-03	-3.166963e-03	-2.802802e-04	 7.603606e-04	-5.975997e-04	 2.911334e-03	 4.475781e-04	-7.054042e-04	 1.023115e-06	 2.774954e-06	-1.301547e-05	 2.243562e-07	-1.494338e-13	 1.002533e-04	 4.982191e-04	-2.760642e-05	 1.014976e-05	-9.984578e-06	-9.725439e-04	
-9.912303e-07	 1.647011e-07	-1.784143e-03	 3.886361e-05	-2.226153e-05	 1.687691e-05	 5.373894e-04	-6.417092e-04	-2.048687e-04	-6.557307e-05	 1.447346e-02	-1.794690e-03	 6.346961e-03	 5.043171e-02	 1.023675e-02	 1.316280e-03	 1.289560e-02	-1.501057e-02	 2.630774e-03	-1.029579e-03	-5.619783e-03	-1.910053e-02	-1.313717e-04	 5.072668e-05	 8.304723e-04	 4.475781e-04	 6.440699e-03	 8.598361e-03	-6.094124e-07	-1.955774e-06	 7.305311e-06	-6.694153e-07	 7.737794e-14	 1.801425e-04	 1.005614e-03	 2.114116e-05	 1.408512e-05	-1.034987e-05	-5.993301e-04	
-5.428010e-06	-2.172168e-05	-8.542710e-03	 1.361694e-05	-2.844654e-05	 2.213627e-07	-1.316255e-03	-6.099090e-03	-1.996753e-03	-1.771630e-04	 1.510505e-01	-6.601395e-03	-5.901705e-03	 3.744097e-01	-8.832076e-02	-1.659965e-01	-2.054907e-01	 1.218564e-02	 1.111867e-02	-2.106044e-03	-2.471220e-02	-9.592671e-02	-2.976262e-04	-6.405276e-04	 5.231023e-03	-7.054042e-04	 8.598361e-03	 7.833082e-02	 1.023197e-06	 8.927056e-06	 3.195012e-05	 2.558303e-06	 2.362083e-14	 1.478492e-03	 1.484672e-02	 1.977279e-05	 1.666977e-05	-2.072116e-04	-7.455366e-03	
 2.911500e-09	-1.084978e-07	-2.717205e-06	-3.699258e-07	-2.287776e-08	-9.931950e-08	 2.417833e-07	-4.420023e-05	-2.872546e-06	-1.568417e-07	-1.585254e-04	 2.538984e-06	 5.592550e-05	 4.541611e-03	-1.788343e-05	 2.087639e-04	 2.555998e-04	-6.611143e-05	 1.862294e-04	-1.549871e-04	-1.046470e-04	-1.074819e-04	 6.721942e-07	 4.874755e-07	-6.017257e-07	 1.023115e-06	-6.094124e-07	 1.023197e-06	 3.926480e-07	-2.238041e-08	-4.836234e-08	 9.096391e-09	-7.880359e-16	 3.073857e-06	 4.416193e-05	-5.161411e-07	-2.040177e-07	-2.437647e-07	-2.793835e-05	
 2.737219e-09	-5.225391e-08	 4.059069e-06	-7.115299e-08	 2.989273e-08	-1.518619e-08	 5.435315e-07	 7.314363e-06	-2.111139e-06	 1.153300e-07	 7.852400e-04	-9.638579e-06	-9.614857e-05	 8.756125e-04	-1.381332e-05	-8.432783e-04	-1.701759e-03	 6.250467e-05	-1.339022e-05	-4.824344e-05	 3.934728e-04	 9.856081e-04	-1.093079e-07	-8.599626e-08	-9.586800e-07	 2.774954e-06	-1.955774e-06	 8.927056e-06	-2.238041e-08	 3.856324e-07	 7.699033e-08	-7.788589e-10	-1.470754e-16	 9.593297e-07	 1.822585e-05	-1.138059e-07	-1.449004e-07	-2.667951e-07	 1.280299e-06	
-6.097453e-09	-3.176660e-07	 1.601582e-04	 1.142712e-05	 1.498558e-06	 9.146270e-08	 2.069758e-05	 8.048369e-05	 2.502833e-06	 4.635231e-06	 1.988410e-03	 3.774266e-05	 1.710794e-05	 8.307485e-04	 1.311880e-03	 4.522085e-04	-7.029418e-04	 2.467042e-04	 8.682462e-05	 1.436191e-04	 5.937874e-04	 8.917585e-04	-2.115733e-06	-5.656956e-06	 2.424371e-05	-1.301547e-05	 7.305311e-06	 3.195012e-05	-4.836234e-08	 7.699033e-08	 6.240100e-06	 1.868005e-09	 2.393884e-14	-5.366366e-06	 6.574259e-05	 4.163137e-06	-2.131498e-06	 4.890941e-07	 4.438440e-05	
 1.455825e-09	-8.111200e-08	 7.842329e-06	-4.633528e-08	 4.129740e-08	-1.656157e-09	 5.596258e-06	-7.533016e-06	-5.531741e-06	 1.725804e-07	 1.237344e-04	-6.094311e-06	 3.159697e-05	-1.522110e-04	-8.000126e-05	-6.646417e-05	-4.983965e-05	-4.015160e-05	 2.980893e-05	 2.410689e-05	 1.640017e-05	-7.568606e-05	 2.770240e-08	 2.327242e-07	-8.399917e-07	 2.243562e-07	-6.694153e-07	 2.558303e-06	 9.096391e-09	-7.788589e-10	 1.868005e-09	 8.659822e-08	-9.914820e-17	 1.429047e-06	 4.061024e-05	-2.690293e-08	-2.397272e-07	-6.093055e-07	-1.148580e-05	
 6.379152e-16	-1.025972e-15	 5.398554e-12	 4.557744e-13	 4.130246e-14	 2.076874e-13	 1.123175e-13	 4.639196e-14	 5.250310e-13	 1.532846e-13	 3.839145e-12	 5.079359e-13	 2.166661e-12	-6.667470e-11	 2.576304e-12	 9.736897e-12	 3.754801e-12	-8.043320e-12	 2.446135e-12	-5.383363e-13	 1.032690e-12	-1.003017e-12	-8.473645e-14	-1.586490e-14	 1.408197e-13	-1.494338e-13	 7.737794e-14	 2.362083e-14	-7.880359e-16	-1.470754e-16	 2.393884e-14	-9.914820e-17	 9.566002e-22	-4.641409e-13	-2.076258e-12	 1.746928e-13	-4.941124e-14	 6.104519e-14	 8.774105e-13	
-2.973635e-06	-4.607435e-05	-2.446897e-02	-2.196235e-04	-1.270027e-04	-6.634970e-05	-9.220040e-04	-2.668742e-02	-3.261929e-03	-7.208394e-04	-1.441549e-02	-3.202957e-04	-9.246444e-03	 8.466434e-02	 3.456846e-02	-1.488799e-02	 1.790193e-02	 6.473211e-03	 1.435689e-03	 3.197560e-03	 8.126711e-03	 2.436803e-02	 4.477183e-05	 1.067439e-04	 3.444567e-05	 1.002533e-04	 1.801425e-04	 1.478492e-03	 3.073857e-06	 9.593297e-07	-5.366366e-06	 1.429047e-06	-4.641409e-13	 3.472460e-03	 2.978313e-02	-1.925843e-04	 1.155789e-04	-3.801230e-04	-1.963229e-02	
-1.441233e-05	-7.016906e-04	-1.200210e-01	-9.813381e-04	-7.053445e-04	 8.573537e-05	-4.574508e-03	-2.137704e-01	-3.408341e-02	-4.017681e-03	 1.365857e-01	-1.308932e-02	-1.748770e-02	 3.604210e-01	 5.547039e-03	-3.694682e-01	-1.311924e-01	-2.415174e-02	 4.653569e-02	 4.625758e-02	 8.979986e-02	 9.628093e-02	 4.236609e-04	 8.068710e-04	 9.675972e-04	 4.982191e-04	 1.005614e-03	 1.484672e-02	 4.416193e-05	 1.822585e-05	 6.574259e-05	 4.061024e-05	-2.076258e-12	 2.978313e-02	 3.416288e-01	-1.934575e-03	-4.533440e-04	-3.966606e-03	-1.681674e-01	
 1.283139e-08	 3.786963e-06	 1.025754e-03	 8.317338e-05	 1.075343e-05	 3.391434e-05	 8.198613e-05	 1.506332e-03	 1.695924e-04	 3.309403e-05	-2.056408e-03	 2.023714e-04	 5.292395e-04	-2.264381e-02	-4.721622e-04	 5.164120e-03	 4.362812e-03	-1.283159e-03	 4.103739e-04	-2.861239e-04	-3.724493e-04	 4.428593e-04	-2.118959e-05	-4.677291e-06	 1.646584e-05	-2.760642e-05	 2.114116e-05	 1.977279e-05	-5.161411e-07	-1.138059e-07	 4.163137e-06	-2.690293e-08	 1.746928e-13	-1.925843e-04	-1.934575e-03	 4.813148e-05	-1.097885e-06	 1.739706e-05	 1.064111e-03	
-2.927254e-07	 3.709505e-06	-2.350727e-03	-2.340696e-05	-1.084039e-05	-1.386282e-05	-7.189427e-05	-1.078887e-03	-1.555967e-05	-6.089853e-05	-4.665443e-03	 1.568593e-04	-1.311766e-03	 8.597464e-03	 6.039049e-03	 3.612187e-03	 5.372941e-03	 1.547114e-03	-4.861609e-04	-1.608733e-04	-6.298784e-05	 2.531206e-03	 7.668077e-07	 5.939980e-06	-1.293365e-05	 1.014976e-05	 1.408512e-05	 1.666977e-05	-2.040177e-07	-1.449004e-07	-2.131498e-06	-2.397272e-07	-4.941124e-14	 1.155789e-04	-4.533440e-04	-1.097885e-06	 2.855485e-05	-1.968839e-06	-6.361580e-04	
 1.662304e-07	 7.409904e-06	 2.019286e-03	 2.911389e-05	 1.064480e-05	 9.557720e-06	 1.175903e-04	 1.482489e-03	 5.459751e-04	 6.348158e-05	 2.266495e-04	 1.585954e-04	-1.598913e-04	 6.834530e-03	 3.477156e-03	 4.214842e-03	 3.577128e-04	-1.150301e-04	-5.559276e-04	-5.690351e-04	-7.816267e-04	-1.805115e-03	-9.117987e-06	-7.428831e-06	-2.312130e-06	-9.984578e-06	-1.034987e-05	-2.072116e-04	-2.437647e-07	-2.667951e-07	 4.890941e-07	-6.093055e-07	 6.104519e-14	-3.801230e-04	-3.966606e-03	 1.739706e-05	-1.968839e-06	 7.037048e-05	 1.692188e-03	
 7.957221e-06	 2.719963e-04	 1.371619e-01	 4.059242e-04	 4.107482e-04	-5.128977e-05	 2.746788e-02	 3.409737e-01	 1.495998e-02	 3.978186e-03	 3.333578e-01	 1.831148e-05	 4.348106e-02	-1.632407e-01	-1.373328e-01	-5.544073e-02	-4.934431e-01	 3.043506e-02	-3.021500e-02	-1.404055e-02	-1.638018e-02	-1.833610e-01	-1.549111e-03	-1.119623e-03	 2.424232e-04	-9.725439e-04	-5.993301e-04	-7.455366e-03	-2.793835e-05	 1.280299e-06	 4.438440e-05	-1.148580e-05	 8.774105e-13	-1.963229e-02	-1.681674e-01	 1.064111e-03	-6.361580e-04	 1.692188e-03	 2.165408e-01	
