#          omega_b,        omega_cdm,               H0,     ln10^{10}A_s,              n_s,         tau_reio, parameters_smg__2,         indexg_V,       thetai_scf,                M,              yp2,        A_cib_217,        xi_sz_cib,             A_sz,     ps_A_100_100,     ps_A_143_143,     ps_A_143_217,     ps_A_217_217,         ksz_norm,     gal545_A_100,     gal545_A_143, gal545_A_143_217,     gal545_A_217,    galf_TE_A_100, galf_TE_A_100_143, galf_TE_A_100_217,    galf_TE_A_143, galf_TE_A_143_217,    galf_TE_A_217,       calib_100T,       calib_217T,         A_planck,      100*theta_s,              A_s,              age,           rs_rec,           sigma8,          Omega_m,             fEDE,         log10z_c
 3.386741e-08	 4.235640e-07	 1.599095e-04	 1.967489e-07	 5.952222e-07	-1.304362e-07	 3.029016e-07	-9.483437e-06	 1.265221e-05	 4.593803e-06	-4.448075e-09	-1.546125e-04	 4.344519e-07	-8.997093e-06	-3.545312e-04	-2.179862e-04	-3.426298e-04	 2.022943e-04	-1.338411e-05	 9.137311e-07	 2.078663e-06	 9.962638e-06	 4.576948e-05	-1.012388e-07	 1.433392e-08	-8.704354e-07	-1.088470e-08	-1.040499e-06	-3.623936e-06	 4.162154e-09	-2.320007e-09	 2.119917e-08	-1.963792e-08	 4.490268e-16	-2.346712e-05	-2.239481e-04	-1.717648e-07	-4.609486e-07	 3.076283e-06	-4.352660e-07	
 4.235640e-07	 3.464668e-05	 7.804216e-03	 1.165088e-05	 2.746459e-05	-1.552762e-05	 7.562971e-05	-5.057053e-04	 7.731484e-04	 2.387813e-04	 2.732962e-07	-2.846583e-03	-3.021441e-07	-2.876226e-05	-2.202798e-02	-7.758308e-03	-9.985565e-03	-3.153193e-03	-2.981950e-04	 1.076093e-04	-1.291900e-05	 4.483096e-04	 1.300814e-03	 3.093248e-06	 6.371988e-06	-1.755867e-05	 1.197300e-05	-2.009256e-05	-1.062200e-04	 7.679488e-08	-6.447271e-08	-6.298026e-07	-1.857293e-06	 2.619744e-14	-1.449632e-03	-1.564676e-02	 1.169332e-05	 2.295774e-06	 2.171014e-04	 2.355039e-05	
 1.599095e-04	 7.804216e-03	 2.237582e+00	 4.964270e-03	 7.934514e-03	-1.926347e-03	 1.702172e-02	-1.359227e-01	 1.953540e-01	 6.647460e-02	-1.065716e-04	-4.892056e-01	 6.114752e-05	-3.341866e-02	-5.809573e+00	-1.689810e+00	-1.361488e+00	-1.416496e+00	-7.101748e-02	 3.989988e-02	-5.937582e-03	 1.160872e-01	 3.589748e-01	 2.527984e-04	 1.435289e-03	-6.285250e-03	 2.986708e-03	-4.944486e-03	-2.815737e-02	 1.916593e-05	-2.064097e-05	 8.426951e-05	-4.031425e-04	 1.092429e-11	-3.665861e-01	-3.729645e+00	 1.495871e-03	-3.369420e-03	 5.372297e-02	 1.569598e-03	
 1.967489e-07	 1.165088e-05	 4.964270e-03	 3.404251e-04	 3.099377e-05	 1.599963e-04	 9.176887e-05	-1.942025e-04	 3.682542e-04	 1.469019e-04	-5.299531e-06	 1.190838e-03	 1.049793e-04	 5.677987e-04	-4.973627e-03	-8.433556e-03	-4.558768e-02	-6.271991e-02	-1.943016e-04	-2.558722e-04	-1.452043e-03	 4.994691e-04	 1.415510e-03	 7.109352e-06	 9.033388e-06	-2.407820e-06	 3.792110e-06	-1.544431e-05	-1.932874e-04	-8.025198e-08	 5.118058e-07	 9.552222e-07	-1.606914e-07	 7.243085e-13	-7.191848e-04	-6.642926e-03	 1.377074e-04	-1.751863e-05	 1.042383e-04	 7.713218e-05	
 5.952222e-07	 2.746459e-05	 7.934514e-03	 3.099377e-05	 5.425994e-05	-8.164501e-07	 8.726091e-05	-2.230932e-04	 6.129708e-04	 2.371396e-04	-8.463136e-08	 1.288656e-03	 2.567721e-06	 2.123699e-04	-1.672500e-02	 2.131778e-02	 9.389736e-03	-2.701447e-02	-2.671898e-04	 8.101947e-04	 1.739232e-04	 6.851100e-04	 1.776570e-03	 6.173205e-06	 8.401157e-06	-1.454824e-05	 9.830351e-06	-2.323904e-05	-1.094369e-04	-8.335098e-08	-7.943608e-08	-3.476951e-06	-8.399035e-07	 6.704832e-14	-1.297014e-03	-1.309683e-02	 3.111936e-05	-1.228051e-05	 1.834952e-04	 1.113877e-04	
-1.304362e-07	-1.552762e-05	-1.926347e-03	 1.599963e-04	-8.164501e-07	 9.460514e-05	-1.146278e-05	 1.052642e-04	-2.500219e-04	-6.322264e-05	-8.442595e-07	 2.977041e-03	 5.009964e-05	 2.401622e-04	 5.344289e-03	 4.001037e-03	-1.609302e-02	-3.761736e-02	 3.013522e-04	-1.846136e-04	-7.651502e-04	 1.013473e-04	-2.077549e-04	-3.457984e-06	 2.597093e-08	 1.054420e-06	-1.096527e-05	 6.515810e-06	-3.134670e-05	-1.565710e-07	 2.610822e-07	-2.874321e-06	 8.203118e-07	 3.397750e-13	 5.030397e-04	 6.147114e-03	 5.463924e-05	-1.349279e-05	-7.527424e-05	-1.912669e-05	
 3.029016e-07	 7.562971e-05	 1.702172e-02	 9.176887e-05	 8.726091e-05	-1.146278e-05	 2.858912e-04	-5.686915e-04	 1.544089e-03	 5.270168e-04	-9.049842e-07	 2.136709e-03	-4.123283e-05	 1.056594e-03	-1.379721e-02	 4.178343e-02	 1.103953e-02	-5.761468e-02	-9.013216e-04	 8.022059e-04	-5.447402e-04	 5.245304e-04	 2.006850e-03	 2.400115e-05	 1.729753e-05	 8.505935e-06	 4.210283e-05	-7.236411e-05	-3.356710e-04	 7.065658e-08	 1.386974e-08	-3.231033e-06	-3.060474e-06	 1.967327e-13	-3.189481e-03	-3.428050e-02	 8.507887e-05	 4.610137e-06	 4.763552e-04	 3.248973e-04	
-9.483437e-06	-5.057053e-04	-1.359227e-01	-1.942025e-04	-2.230932e-04	 1.052642e-04	-5.686915e-04	 1.475159e-02	-1.427214e-02	-4.047517e-03	-2.597810e-05	 8.308174e-02	-4.981516e-04	 4.273808e-03	 7.015728e-01	 4.159816e-01	 1.745772e-01	-3.361888e-01	 8.702569e-04	 1.617237e-03	 1.743747e-03	-5.322233e-03	-1.512050e-02	 1.343750e-04	-4.963386e-05	 5.204534e-04	-4.753224e-05	 9.449293e-05	 1.106255e-03	-1.506512e-06	 6.544770e-07	 2.598245e-06	 3.722280e-05	-4.368822e-13	 2.308900e-02	 2.404778e-01	 2.654460e-04	 1.413743e-04	-3.572475e-03	 2.258990e-03	
 1.265221e-05	 7.731484e-04	 1.953540e-01	 3.682542e-04	 6.129708e-04	-2.500219e-04	 1.544089e-03	-1.427214e-02	 1.910437e-02	 5.890440e-03	 1.776417e-06	-7.119026e-02	 2.213255e-04	-3.038922e-03	-6.688848e-01	-2.727755e-01	-2.098727e-01	-1.378764e-03	-6.564158e-03	 8.439593e-04	-2.424903e-03	 7.983174e-03	 2.858593e-02	 2.209188e-06	 1.284609e-04	-6.034113e-04	 2.430346e-04	-4.700457e-04	-2.589183e-03	 1.995582e-06	-1.671821e-06	 1.265923e-06	-4.518189e-05	 8.166962e-13	-3.422691e-02	-3.601359e-01	 9.560360e-05	-1.174740e-04	 5.141737e-03	-2.057520e-04	
 4.593803e-06	 2.387813e-04	 6.647460e-02	 1.469019e-04	 2.371396e-04	-6.322264e-05	 5.270168e-04	-4.047517e-03	 5.890440e-03	 1.999149e-03	-2.473328e-06	-1.670180e-02	 1.342754e-07	-1.135888e-03	-1.748000e-01	-5.294005e-02	-4.757121e-02	-4.042188e-02	-2.044167e-03	 1.071409e-03	 2.446861e-05	 4.143775e-03	 1.216717e-02	 8.149766e-06	 4.221453e-05	-1.855451e-04	 9.133839e-05	-1.529489e-04	-8.710571e-04	 5.475379e-07	-5.195486e-07	 1.429578e-06	-1.238836e-05	 3.233127e-13	-1.105285e-02	-1.132903e-01	 5.367613e-05	-8.697822e-05	 1.624714e-03	 7.968368e-05	
-4.448075e-09	 2.732962e-07	-1.065716e-04	-5.299531e-06	-8.463136e-08	-8.442595e-07	-9.049842e-07	-2.597810e-05	 1.776417e-06	-2.473328e-06	 1.728223e-05	-9.519359e-04	 1.335720e-05	-1.935830e-04	-5.765712e-03	-1.335523e-03	-6.903292e-03	-6.312227e-03	 4.627671e-04	-1.293209e-04	 1.841018e-04	 3.610750e-04	 2.952594e-04	-1.966500e-06	-2.524708e-06	-5.396864e-07	-1.201369e-07	 1.985583e-06	-1.613271e-05	-4.998292e-08	-1.052927e-08	-2.005500e-06	-1.662276e-07	-1.132819e-14	 2.170222e-06	-7.646195e-05	-2.394434e-06	 1.402655e-06	 6.554705e-07	-1.240186e-05	
-1.546125e-04	-2.846583e-03	-4.892056e-01	 1.190838e-03	 1.288656e-03	 2.977041e-03	 2.136709e-03	 8.308174e-02	-7.119026e-02	-1.670180e-02	-9.519359e-04	 3.215347e+02	-5.121703e-02	 2.997794e+00	 2.577015e+02	 2.895697e+02	 4.852417e+02	-1.129466e+03	-3.825605e+00	 4.672595e-01	-2.184104e-01	-2.855860e+01	-9.774884e+01	 1.505194e-02	 1.869574e-02	 2.789165e-02	 7.506581e-03	-1.114579e-04	 1.067041e-01	-6.308975e-04	 1.191654e-03	 9.089959e-04	 4.499059e-04	 2.627018e-12	 1.086324e-01	 1.292408e+00	 3.599589e-03	-1.700732e-03	-1.541361e-02	 1.828120e-02	
 4.344519e-07	-3.021441e-07	 6.114752e-05	 1.049793e-04	 2.567721e-06	 5.009964e-05	-4.123283e-05	-4.981516e-04	 2.213255e-04	 1.342754e-07	 1.335720e-05	-5.121703e-02	 8.145289e-02	 1.873786e-02	-1.337093e+00	 5.606806e-01	 1.873183e+00	-8.892362e-01	-2.512445e-02	-1.783235e-02	 3.499693e-03	 3.629496e-02	 6.057473e-03	 1.674728e-04	-4.639257e-05	 4.737716e-05	-1.552170e-04	-1.878008e-05	-3.542326e-04	 4.228812e-06	 1.910473e-06	 4.137036e-06	-1.835486e-06	 2.216425e-13	-3.351102e-05	-5.273075e-04	 1.174737e-05	-4.890895e-07	 1.428003e-05	-1.612287e-04	
-8.997093e-06	-2.876226e-05	-3.341866e-02	 5.677987e-04	 2.123699e-04	 2.401622e-04	 1.056594e-03	 4.273808e-03	-3.038922e-03	-1.135888e-03	-1.935830e-04	 2.997794e+00	 1.873786e-02	 4.476254e+00	-2.951064e+01	 8.081608e+00	 2.990424e+01	-6.587188e+00	-3.487712e+00	-1.344736e-01	 9.172711e-02	 7.319501e-01	 2.423542e-01	 5.694425e-04	 3.195245e-04	 5.537469e-03	 5.312354e-04	 1.385380e-03	 7.116251e-03	 9.350204e-05	-1.721118e-06	 3.227589e-06	 1.542580e-05	 1.206119e-12	 3.039817e-03	 2.181700e-02	 6.548445e-04	 2.153486e-04	-3.155253e-04	 1.478861e-03	
-3.545312e-04	-2.202798e-02	-5.809573e+00	-4.973627e-03	-1.672500e-02	 5.344289e-03	-1.379721e-02	 7.015728e-01	-6.688848e-01	-1.748000e-01	-5.765712e-03	 2.577015e+02	-1.337093e+00	-2.951064e+01	 8.153481e+03	 3.251520e+03	 1.418547e+03	-2.668690e+02	 1.721171e+01	-1.472506e+01	 1.191594e+01	 1.476263e+01	-1.127548e+01	-5.108571e-02	-3.590639e-02	 2.534889e-01	-4.974773e-02	 4.134952e-02	 2.972473e-01	 1.133594e-02	-1.054466e-03	 1.344431e-02	 3.567330e-03	-1.057986e-11	 9.928003e-01	 1.066065e+01	 2.336197e-02	 5.091045e-03	-1.604601e-01	 1.159541e-01	
-2.179862e-04	-7.758308e-03	-1.689810e+00	-8.433556e-03	 2.131778e-02	 4.001037e-03	 4.178343e-02	 4.159816e-01	-2.727755e-01	-5.294005e-02	-1.335523e-03	 2.895697e+02	 5.606806e-01	 8.081608e+00	 3.251520e+03	 6.816555e+03	 3.616479e+03	 1.629904e+02	-9.678263e+00	 1.409340e+01	-1.563810e+01	 4.036890e+01	 5.969811e+01	-2.472047e-02	 6.755392e-02	 2.404502e-01	-1.953216e-02	-9.754903e-03	 1.575590e-01	-6.713769e-03	-1.119039e-03	 2.440869e-03	 2.101140e-03	-1.882282e-11	 3.043688e-01	 3.542792e+00	 2.520665e-02	-1.129522e-03	-5.248801e-02	 1.371317e-01	
-3.426298e-04	-9.985565e-03	-1.361488e+00	-4.558768e-02	 9.389736e-03	-1.609302e-02	 1.103953e-02	 1.745772e-01	-2.098727e-01	-4.757121e-02	-6.903292e-03	 4.852417e+02	 1.873183e+00	 2.990424e+01	 1.418547e+03	 3.616479e+03	 6.305027e+03	 2.864462e+03	-2.710407e+01	 3.649263e+00	-6.120202e+00	-9.742684e+01	-1.585955e+02	-2.663608e-03	 2.061176e-02	 2.839759e-01	-1.340933e-03	-1.558058e-02	 1.509202e-01	-3.012913e-03	 1.090878e-03	 4.022809e-03	 3.733326e-04	-9.777964e-11	 3.401742e-01	 4.085391e+00	-1.140478e-02	-8.372544e-03	-4.555766e-02	 2.764646e-02	
 2.022943e-04	-3.153193e-03	-1.416496e+00	-6.271991e-02	-2.701447e-02	-3.761736e-02	-5.761468e-02	-3.361888e-01	-1.378764e-03	-4.042188e-02	-6.312227e-03	-1.129466e+03	-8.892362e-01	-6.587188e+00	-2.668690e+02	 1.629904e+02	 2.864462e+03	 1.220636e+04	 6.002583e+00	-2.464183e+00	 4.304536e+00	 2.734064e+01	 9.071617e+01	-1.457901e-01	-1.278252e-01	 1.578441e-01	-2.660247e-02	-9.070159e-02	-7.677713e-02	 7.444811e-04	 4.364107e-04	 7.399383e-03	-1.405937e-03	-1.351907e-10	 1.937993e-01	 1.532343e+00	-4.940311e-02	 6.060701e-03	-2.127645e-02	-1.877457e-01	
-1.338411e-05	-2.981950e-04	-7.101748e-02	-1.943016e-04	-2.671898e-04	 3.013522e-04	-9.013216e-04	 8.702569e-04	-6.564158e-03	-2.044167e-03	 4.627671e-04	-3.825605e+00	-2.512445e-02	-3.487712e+00	 1.721171e+01	-9.678263e+00	-2.710407e+01	 6.002583e+00	 7.177856e+00	 1.269551e-01	-3.270205e-02	-4.873992e-01	 4.366486e-01	-4.182452e-04	-1.340687e-04	-5.468444e-03	 4.541320e-04	 3.766341e-03	-1.586904e-02	-7.341554e-05	 3.752559e-05	-1.235886e-04	 6.321916e-06	-4.747967e-13	 1.323012e-02	 1.406653e-01	-2.335736e-04	-1.510091e-05	-1.814811e-03	-2.184564e-03	
 9.137311e-07	 1.076093e-04	 3.989988e-02	-2.558722e-04	 8.101947e-04	-1.846136e-04	 8.022059e-04	 1.617237e-03	 8.439593e-04	 1.071409e-03	-1.293209e-04	 4.672595e-01	-1.783235e-02	-1.344736e-01	-1.472506e+01	 1.409340e+01	 3.649263e+00	-2.464183e+00	 1.269551e-01	 3.417360e+00	 4.990270e-01	 2.642231e-01	 2.683973e-01	 1.226739e-03	 1.883988e-05	 2.650839e-03	-2.880860e-03	 2.326536e-03	 1.191985e-02	 1.258616e-04	-2.247880e-05	-5.532930e-06	 4.399215e-05	-5.654843e-13	-5.772356e-03	-4.820286e-02	 3.284287e-04	-1.270812e-04	 6.231388e-04	 1.009973e-03	
 2.078663e-06	-1.291900e-05	-5.937582e-03	-1.452043e-03	 1.739232e-04	-7.651502e-04	-5.447402e-04	 1.743747e-03	-2.424903e-03	 2.446861e-05	 1.841018e-04	-2.184104e-01	 3.499693e-03	 9.172711e-02	 1.191594e+01	-1.563810e+01	-6.120202e+00	 4.304536e+00	-3.270205e-02	 4.990270e-01	 3.292125e+00	 2.555886e+00	 2.369313e+00	-2.817102e-04	-5.781038e-04	-2.698138e-03	-3.446253e-04	-1.625598e-03	 1.453987e-03	-1.247264e-04	-2.776385e-05	 9.680778e-05	 2.634337e-05	-3.074766e-12	 1.327235e-03	 1.717540e-02	-3.386390e-04	 7.456921e-06	-3.911544e-04	-8.927896e-04	
 9.962638e-06	 4.483096e-04	 1.160872e-01	 4.994691e-04	 6.851100e-04	 1.013473e-04	 5.245304e-04	-5.322233e-03	 7.983174e-03	 4.143775e-03	 3.610750e-04	-2.855860e+01	 3.629496e-02	 7.319501e-01	 1.476263e+01	 4.036890e+01	-9.742684e+01	 2.734064e+01	-4.873992e-01	 2.642231e-01	 2.555886e+00	 1.745925e+01	 3.070200e+01	-4.039663e-03	-5.464216e-04	-6.970005e-04	-1.080459e-03	-7.013884e-03	 5.494859e-03	-2.603875e-05	 3.544236e-04	-1.149091e-04	 2.473722e-05	 1.095960e-12	-1.932555e-02	-1.942393e-01	 5.898846e-04	-9.962403e-05	 2.563301e-03	-7.764387e-04	
 4.576948e-05	 1.300814e-03	 3.589748e-01	 1.415510e-03	 1.776570e-03	-2.077549e-04	 2.006850e-03	-1.512050e-02	 2.858593e-02	 1.216717e-02	 2.952594e-04	-9.774884e+01	 6.057473e-03	 2.423542e-01	-1.127548e+01	 5.969811e+01	-1.585955e+02	 9.071617e+01	 4.366486e-01	 2.683973e-01	 2.369313e+00	 3.070200e+01	 8.191468e+01	-4.490905e-03	-1.629970e-03	-5.254883e-03	-2.415927e-03	-3.776514e-03	-4.427428e-02	 8.369437e-05	 6.778918e-04	 1.331269e-04	-1.018942e-04	 3.061188e-12	-5.922691e-02	-6.125623e-01	 6.909082e-04	-4.054737e-04	 7.934187e-03	 1.296921e-03	
-1.012388e-07	 3.093248e-06	 2.527984e-04	 7.109352e-06	 6.173205e-06	-3.457984e-06	 2.400115e-05	 1.343750e-04	 2.209188e-06	 8.149766e-06	-1.966500e-06	 1.505194e-02	 1.674728e-04	 5.694425e-04	-5.108571e-02	-2.472047e-02	-2.663608e-03	-1.457901e-01	-4.182452e-04	 1.226739e-03	-2.817102e-04	-4.039663e-03	-4.490905e-03	 1.436794e-03	 2.867816e-04	 1.360902e-04	-3.273189e-04	-6.726777e-05	-1.003162e-04	-1.629587e-07	 4.790560e-07	 1.721373e-06	 6.997721e-08	 1.479688e-14	-8.913700e-05	-1.125559e-03	 1.235607e-05	 3.384046e-06	 1.065860e-05	 7.101248e-05	
 1.433392e-08	 6.371988e-06	 1.435289e-03	 9.033388e-06	 8.401157e-06	 2.597093e-08	 1.729753e-05	-4.963386e-05	 1.284609e-04	 4.221453e-05	-2.524708e-06	 1.869574e-02	-4.639257e-05	 3.195245e-04	-3.590639e-02	 6.755392e-02	 2.061176e-02	-1.278252e-01	-1.340687e-04	 1.883988e-05	-5.781038e-04	-5.464216e-04	-1.629970e-03	 2.867816e-04	 8.529749e-04	 2.690558e-05	 6.974458e-04	 5.132035e-05	-7.467161e-04	-1.680631e-07	 1.453436e-07	-1.040746e-06	-6.357707e-08	 1.998266e-14	-2.637400e-04	-2.802463e-03	 9.680496e-06	 2.098434e-07	 3.975171e-05	 2.155498e-05	
-8.704354e-07	-1.755867e-05	-6.285250e-03	-2.407820e-06	-1.454824e-05	 1.054420e-06	 8.505935e-06	 5.204534e-04	-6.034113e-04	-1.855451e-04	-5.396864e-07	 2.789165e-02	 4.737716e-05	 5.537469e-03	 2.534889e-01	 2.404502e-01	 2.839759e-01	 1.578441e-01	-5.468444e-03	 2.650839e-03	-2.698138e-03	-6.970005e-04	-5.254883e-03	 1.360902e-04	 2.690558e-05	 7.394575e-03	-3.676338e-04	 7.695459e-04	 4.835702e-03	 4.278443e-07	 7.707166e-07	-5.850175e-07	 1.506400e-06	-7.844413e-15	 9.277149e-04	 9.006839e-03	 1.738633e-05	 1.702843e-05	-1.315750e-04	 4.438383e-05	
-1.088470e-08	 1.197300e-05	 2.986708e-03	 3.792110e-06	 9.830351e-06	-1.096527e-05	 4.210283e-05	-4.753224e-05	 2.430346e-04	 9.133839e-05	-1.201369e-07	 7.506581e-03	-1.552170e-04	 5.312354e-04	-4.974773e-02	-1.953216e-02	-1.340933e-03	-2.660247e-02	 4.541320e-04	-2.880860e-03	-3.446253e-04	-1.080459e-03	-2.415927e-03	-3.273189e-04	 6.974458e-04	-3.676338e-04	 2.782249e-03	 4.350481e-04	-1.003589e-03	-8.479925e-09	 1.828956e-07	 4.165921e-06	-1.235036e-08	 9.019442e-15	-5.191704e-04	-5.360994e-03	 1.006820e-05	-2.053611e-06	 7.700279e-05	 6.696001e-05	
-1.040499e-06	-2.009256e-05	-4.944486e-03	-1.544431e-05	-2.323904e-05	 6.515810e-06	-7.236411e-05	 9.449293e-05	-4.700457e-04	-1.529489e-04	 1.985583e-06	-1.114579e-04	-1.878008e-05	 1.385380e-03	 4.134952e-02	-9.754903e-03	-1.558058e-02	-9.070159e-02	 3.766341e-03	 2.326536e-03	-1.625598e-03	-7.013884e-03	-3.776514e-03	-6.726777e-05	 5.132035e-05	 7.695459e-04	 4.350481e-04	 6.256744e-03	 7.955385e-03	 3.406782e-07	-1.345179e-06	 2.687526e-06	 9.976731e-07	-3.329168e-14	 9.154098e-04	 9.739613e-03	-1.207857e-05	 4.297898e-07	-1.220435e-04	-1.583994e-04	
-3.623936e-06	-1.062200e-04	-2.815737e-02	-1.932874e-04	-1.094369e-04	-3.134670e-05	-3.356710e-04	 1.106255e-03	-2.589183e-03	-8.710571e-04	-1.613271e-05	 1.067041e-01	-3.542326e-04	 7.116251e-03	 2.972473e-01	 1.575590e-01	 1.509202e-01	-7.677713e-02	-1.586904e-02	 1.191985e-02	 1.453987e-03	 5.494859e-03	-4.427428e-02	-1.003162e-04	-7.467161e-04	 4.835702e-03	-1.003589e-03	 7.955385e-03	 7.361971e-02	-1.418232e-06	-2.384558e-06	 1.052115e-05	 7.051854e-06	-4.155921e-13	 4.910457e-03	 5.136785e-02	-8.601127e-05	 2.225299e-05	-6.894224e-04	-5.005067e-04	
 4.162154e-09	 7.679488e-08	 1.916593e-05	-8.025198e-08	-8.335098e-08	-1.565710e-07	 7.065658e-08	-1.506512e-06	 1.995582e-06	 5.475379e-07	-4.998292e-08	-6.308975e-04	 4.228812e-06	 9.350204e-05	 1.133594e-02	-6.713769e-03	-3.012913e-03	 7.444811e-04	-7.341554e-05	 1.258616e-04	-1.247264e-04	-2.603875e-05	 8.369437e-05	-1.629587e-07	-1.680631e-07	 4.278443e-07	-8.479925e-09	 3.406782e-07	-1.418232e-06	 4.239335e-07	 3.599125e-09	-5.978741e-09	-8.182037e-09	-1.749533e-16	-3.469456e-06	-3.735048e-05	-1.074854e-07	-3.532169e-09	 4.717508e-07	-4.873481e-08	
-2.320007e-09	-6.447271e-08	-2.064097e-05	 5.118058e-07	-7.943608e-08	 2.610822e-07	 1.386974e-08	 6.544770e-07	-1.671821e-06	-5.195486e-07	-1.052927e-08	 1.191654e-03	 1.910473e-06	-1.721118e-06	-1.054466e-03	-1.119039e-03	 1.090878e-03	 4.364107e-04	 3.752559e-05	-2.247880e-05	-2.776385e-05	 3.544236e-04	 6.778918e-04	 4.790560e-07	 1.453436e-07	 7.707166e-07	 1.828956e-07	-1.345179e-06	-2.384558e-06	 3.599125e-09	 4.151646e-07	 3.841285e-08	-2.310933e-09	 1.077894e-15	 3.132399e-06	 3.012299e-05	 1.525704e-07	 4.459918e-08	-4.310674e-07	-2.346838e-07	
 2.119917e-08	-6.298026e-07	 8.426951e-05	 9.552222e-07	-3.476951e-06	-2.874321e-06	-3.231033e-06	 2.598245e-06	 1.265923e-06	 1.429578e-06	-2.005500e-06	 9.089959e-04	 4.137036e-06	 3.227589e-06	 1.344431e-02	 2.440869e-03	 4.022809e-03	 7.399383e-03	-1.235886e-04	-5.532930e-06	 9.680778e-05	-1.149091e-04	 1.331269e-04	 1.721373e-06	-1.040746e-06	-5.850175e-07	 4.165921e-06	 2.687526e-06	 1.052115e-05	-5.978741e-09	 3.841285e-08	 5.272122e-06	 3.861017e-08	 1.993823e-15	 8.260113e-06	 1.978405e-04	-2.714817e-06	-1.891807e-06	-1.975015e-06	 1.242833e-06	
-1.963792e-08	-1.857293e-06	-4.031425e-04	-1.606914e-07	-8.399035e-07	 8.203118e-07	-3.060474e-06	 3.722280e-05	-4.518189e-05	-1.238836e-05	-1.662276e-07	 4.499059e-04	-1.835486e-06	 1.542580e-05	 3.567330e-03	 2.101140e-03	 3.733326e-04	-1.405937e-03	 6.321916e-06	 4.399215e-05	 2.634337e-05	 2.473722e-05	-1.018942e-04	 6.997721e-08	-6.357707e-08	 1.506400e-06	-1.235036e-08	 9.976731e-07	 7.051854e-06	-8.182037e-09	-2.310933e-09	 3.861017e-08	 2.544382e-07	-4.297905e-16	 7.622172e-05	 8.506875e-04	 4.904483e-07	-2.439892e-07	-1.214174e-05	 2.673246e-06	
 4.490268e-16	 2.619744e-14	 1.092429e-11	 7.243085e-13	 6.704832e-14	 3.397750e-13	 1.967327e-13	-4.368822e-13	 8.166962e-13	 3.233127e-13	-1.132819e-14	 2.627018e-12	 2.216425e-13	 1.206119e-12	-1.057986e-11	-1.882282e-11	-9.777964e-11	-1.351907e-10	-4.747967e-13	-5.654843e-13	-3.074766e-12	 1.095960e-12	 3.061188e-12	 1.479688e-14	 1.998266e-14	-7.844413e-15	 9.019442e-15	-3.329168e-14	-4.155921e-13	-1.749533e-16	 1.077894e-15	 1.993823e-15	-4.297905e-16	 1.541451e-21	-1.591967e-12	-1.478082e-11	 2.930323e-13	-3.755150e-14	 2.308358e-13	 1.629028e-13	
-2.346712e-05	-1.449632e-03	-3.665861e-01	-7.191848e-04	-1.297014e-03	 5.030397e-04	-3.189481e-03	 2.308900e-02	-3.422691e-02	-1.105285e-02	 2.170222e-06	 1.086324e-01	-3.351102e-05	 3.039817e-03	 9.928003e-01	 3.043688e-01	 3.401742e-01	 1.937993e-01	 1.323012e-02	-5.772356e-03	 1.327235e-03	-1.932555e-02	-5.922691e-02	-8.913700e-05	-2.637400e-04	 9.277149e-04	-5.191704e-04	 9.154098e-04	 4.910457e-03	-3.469456e-06	 3.132399e-06	 8.260113e-06	 7.622172e-05	-1.591967e-12	 6.405440e-02	 6.724527e-01	-4.060244e-04	 2.269199e-04	-9.497616e-03	-7.201142e-04	
-2.239481e-04	-1.564676e-02	-3.729645e+00	-6.642926e-03	-1.309683e-02	 6.147114e-03	-3.428050e-02	 2.404778e-01	-3.601359e-01	-1.132903e-01	-7.646195e-05	 1.292408e+00	-5.273075e-04	 2.181700e-02	 1.066065e+01	 3.542792e+00	 4.085391e+00	 1.532343e+00	 1.406653e-01	-4.820286e-02	 1.717540e-02	-1.942393e-01	-6.125623e-01	-1.125559e-03	-2.802463e-03	 9.006839e-03	-5.360994e-03	 9.739613e-03	 5.136785e-02	-3.735048e-05	 3.012299e-05	 1.978405e-04	 8.506875e-04	-1.478082e-11	 6.724527e-01	 7.164597e+00	-4.775208e-03	 6.037603e-04	-1.003269e-01	-8.964093e-03	
-1.717648e-07	 1.169332e-05	 1.495871e-03	 1.377074e-04	 3.111936e-05	 5.463924e-05	 8.507887e-05	 2.654460e-04	 9.560360e-05	 5.367613e-05	-2.394434e-06	 3.599589e-03	 1.174737e-05	 6.548445e-04	 2.336197e-02	 2.520665e-02	-1.140478e-02	-4.940311e-02	-2.335736e-04	 3.284287e-04	-3.386390e-04	 5.898846e-04	 6.909082e-04	 1.235607e-05	 9.680496e-06	 1.738633e-05	 1.006820e-05	-1.207857e-05	-8.601127e-05	-1.074854e-07	 1.525704e-07	-2.714817e-06	 4.904483e-07	 2.930323e-13	-4.060244e-04	-4.775208e-03	 9.144155e-05	 1.011119e-05	 5.573399e-05	 1.865683e-04	
-4.609486e-07	 2.295774e-06	-3.369420e-03	-1.751863e-05	-1.228051e-05	-1.349279e-05	 4.610137e-06	 1.413743e-04	-1.174740e-04	-8.697822e-05	 1.402655e-06	-1.700732e-03	-4.890895e-07	 2.153486e-04	 5.091045e-03	-1.129522e-03	-8.372544e-03	 6.060701e-03	-1.510091e-05	-1.270812e-04	 7.456921e-06	-9.962403e-05	-4.054737e-04	 3.384046e-06	 2.098434e-07	 1.702843e-05	-2.053611e-06	 4.297898e-07	 2.225299e-05	-3.532169e-09	 4.459918e-08	-1.891807e-06	-2.439892e-07	-3.755150e-14	 2.269199e-04	 6.037603e-04	 1.011119e-05	 3.175510e-05	-2.466806e-05	 3.190966e-05	
 3.076283e-06	 2.171014e-04	 5.372297e-02	 1.042383e-04	 1.834952e-04	-7.527424e-05	 4.763552e-04	-3.572475e-03	 5.141737e-03	 1.624714e-03	 6.554705e-07	-1.541361e-02	 1.428003e-05	-3.155253e-04	-1.604601e-01	-5.248801e-02	-4.555766e-02	-2.127645e-02	-1.814811e-03	 6.231388e-04	-3.911544e-04	 2.563301e-03	 7.934187e-03	 1.065860e-05	 3.975171e-05	-1.315750e-04	 7.700279e-05	-1.220435e-04	-6.894224e-04	 4.717508e-07	-4.310674e-07	-1.975015e-06	-1.214174e-05	 2.308358e-13	-9.497616e-03	-1.003269e-01	 5.573399e-05	-2.466806e-05	 1.422925e-03	 6.726383e-05	
-4.352660e-07	 2.355039e-05	 1.569598e-03	 7.713218e-05	 1.113877e-04	-1.912669e-05	 3.248973e-04	 2.258990e-03	-2.057520e-04	 7.968368e-05	-1.240186e-05	 1.828120e-02	-1.612287e-04	 1.478861e-03	 1.159541e-01	 1.371317e-01	 2.764646e-02	-1.877457e-01	-2.184564e-03	 1.009973e-03	-8.927896e-04	-7.764387e-04	 1.296921e-03	 7.101248e-05	 2.155498e-05	 4.438383e-05	 6.696001e-05	-1.583994e-04	-5.005067e-04	-4.873481e-08	-2.346838e-07	 1.242833e-06	 2.673246e-06	 1.629028e-13	-7.201142e-04	-8.964093e-03	 1.865683e-04	 3.190966e-05	 6.726383e-05	 1.167726e-03	
