#          omega_b,        omega_cdm,               H0,     ln10^{10}A_s,              n_s,         tau_reio, parameters_smg__2,         indexg_V,       thetai_scf,                M,        A_cib_217,        xi_sz_cib,             A_sz,     ps_A_100_100,     ps_A_143_143,     ps_A_143_217,     ps_A_217_217,         ksz_norm,     gal545_A_100,     gal545_A_143, gal545_A_143_217,     gal545_A_217,    galf_TE_A_100, galf_TE_A_100_143, galf_TE_A_100_217,    galf_TE_A_143, galf_TE_A_143_217,    galf_TE_A_217,       calib_100T,       calib_217T,         A_planck,      100*theta_s,              A_s,              age,           rs_rec,           sigma8,          Omega_m,             fEDE,         log10z_c
 2.381467e-08	 1.427844e-07	 8.094668e-05	 5.308353e-07	 4.288356e-07	 1.889135e-07	-1.823461e-06	-1.323899e-06	 5.061701e-06	 2.217970e-06	-6.900690e-05	 1.748973e-06	 3.411343e-05	-3.752646e-04	-2.863569e-04	-1.106938e-04	-5.887170e-05	 1.417391e-05	-3.418913e-05	 5.011959e-06	 1.074316e-06	 1.859102e-05	-3.393296e-07	-4.492498e-07	 1.350687e-07	-4.369879e-07	-2.691319e-07	-4.858309e-07	-2.994535e-09	 9.870197e-10	-3.360496e-08	-4.690450e-09	 1.132578e-15	-1.065858e-05	-9.259664e-05	 2.735259e-07	-3.572511e-07	 1.273008e-06	 1.207570e-06	
 1.427844e-07	 1.374133e-05	 2.484632e-03	 5.728119e-06	 9.994635e-06	-7.449646e-06	 1.174513e-06	-1.763430e-04	 2.940952e-04	 7.775462e-05	-1.791700e-03	 7.942819e-05	-1.642253e-04	 1.466390e-02	-1.663423e-03	 8.014630e-04	 1.965451e-03	 3.225309e-04	-5.854389e-04	 4.484207e-04	 6.370525e-05	 1.355974e-03	-7.945519e-06	-1.609089e-06	-1.772376e-05	 1.049786e-05	-6.766032e-06	-6.444893e-06	 1.092050e-07	 1.264822e-07	 8.831042e-07	-8.428391e-07	 1.211357e-14	-5.405422e-04	-6.180541e-03	 1.110805e-05	 6.442593e-06	 9.095836e-05	 1.868774e-05	
 8.094668e-05	 2.484632e-03	 7.838015e-01	 1.955496e-03	 3.509319e-03	-6.028970e-04	 1.584580e-03	-2.911864e-02	 6.298886e-02	 2.279524e-02	-4.594087e-01	 2.034904e-02	 7.228555e-02	 1.563081e+00	-9.625604e-01	-2.945914e-02	 3.252085e-01	 2.522036e-02	-9.638905e-02	 1.005974e-01	-1.285393e-02	 2.565175e-01	-3.828339e-03	-1.905109e-03	-3.514094e-03	 7.386798e-04	-3.526252e-03	-1.679664e-02	 2.232904e-05	 2.354376e-05	 1.304088e-04	-1.459120e-04	 4.160091e-12	-1.263473e-01	-1.264321e+00	 1.358978e-03	-1.564782e-03	 1.980523e-02	 8.634597e-03	
 5.308353e-07	 5.728119e-06	 1.955496e-03	 1.931646e-04	 1.739261e-05	 8.287829e-05	-9.429612e-05	-1.770561e-04	 1.834850e-04	 5.147344e-05	-5.553096e-03	 6.516566e-05	 1.468147e-03	-4.786309e-03	-1.028110e-02	 8.458032e-03	 1.687411e-02	-1.437328e-03	 7.538030e-04	 1.172609e-03	-3.200400e-03	-1.834780e-03	-4.519538e-05	-2.603378e-05	 8.325076e-06	-3.548174e-05	 5.905105e-05	 1.735030e-04	 1.073308e-07	-4.994001e-07	 8.223788e-06	 1.347965e-07	 4.128904e-13	-3.133034e-04	-3.058213e-03	 8.940357e-05	-4.013017e-06	 3.998094e-05	-2.277153e-05	
 4.288356e-07	 9.994635e-06	 3.509319e-03	 1.739261e-05	 3.117024e-05	 3.185255e-06	-3.613213e-05	-1.649830e-04	 2.745992e-04	 1.005176e-04	-3.905638e-03	 1.247144e-04	 1.563778e-03	-1.965750e-02	-9.228546e-03	 1.103592e-04	 2.073399e-03	-1.810799e-03	-3.903208e-04	 1.847389e-04	 1.172616e-04	 1.748593e-03	-1.448120e-05	-2.112271e-05	 2.730983e-06	-1.623123e-05	-2.630307e-05	 3.159225e-05	-8.171281e-08	-1.273726e-07	-7.904145e-07	-3.733524e-07	 3.713129e-14	-5.386940e-04	-5.216891e-03	 1.665487e-05	-9.106226e-06	 7.891754e-05	 1.411078e-05	
 1.889135e-07	-7.449646e-06	-6.028970e-04	 8.287829e-05	 3.185255e-06	 4.828104e-05	-3.731075e-05	 8.692842e-05	-1.245069e-04	-2.515054e-05	-1.610049e-03	-7.111290e-05	 6.239021e-04	-1.534787e-02	-6.173369e-03	 1.049644e-03	 4.068501e-03	-6.313296e-04	 1.006564e-03	 4.868240e-04	-1.939761e-03	-2.823008e-03	-1.418635e-05	-1.692530e-05	 2.218792e-05	-2.259559e-05	 2.125686e-05	 8.684974e-05	-1.481869e-07	-3.730681e-07	-1.527287e-06	 5.862054e-07	 1.773152e-13	 2.252852e-04	 2.977868e-03	 3.119770e-05	-9.210682e-06	-4.478725e-05	-2.800303e-07	
-1.823461e-06	 1.174513e-06	 1.584580e-03	-9.429612e-05	-3.613213e-05	-3.731075e-05	 2.623811e-03	 3.979920e-03	-1.003946e-03	 5.930807e-05	-2.755490e-02	 9.289213e-04	-8.677057e-04	-4.730344e-02	-2.395149e-02	 1.767087e-02	 3.950814e-02	-4.306749e-03	 3.483376e-03	-1.230814e-02	-1.889440e-02	-1.737328e-02	-3.961254e-05	 1.369412e-04	-2.240182e-04	 4.122957e-04	 3.883021e-05	-5.055582e-04	 1.111205e-06	-3.740930e-06	 1.592101e-05	-3.288458e-06	-2.020754e-13	-9.260296e-05	-6.179741e-04	-1.518270e-04	-1.508965e-05	 9.888700e-05	 1.732605e-03	
-1.323899e-06	-1.763430e-04	-2.911864e-02	-1.770561e-04	-1.649830e-04	 8.692842e-05	 3.979920e-03	 1.658178e-02	-5.798846e-03	-9.340270e-04	-5.098958e-02	 2.741475e-04	-1.516993e-02	-4.133834e-02	-1.467305e-02	-4.993263e-02	 2.486008e-02	 8.131554e-03	 3.662566e-04	-3.466787e-02	-3.692757e-02	-2.558038e-02	 3.089028e-04	 2.140946e-04	-2.917730e-04	 1.282530e-04	-4.311903e-04	-1.182851e-03	 3.626126e-06	-6.314872e-06	 2.186543e-05	-2.451406e-06	-3.765110e-13	 6.809526e-03	 7.783307e-02	-3.333149e-04	-1.064788e-04	-1.108946e-03	 6.558024e-03	
 5.061701e-06	 2.940952e-04	 6.298886e-02	 1.834850e-04	 2.745992e-04	-1.245069e-04	-1.003946e-03	-5.798846e-03	 7.217095e-03	 1.920686e-03	-2.339550e-02	 1.620450e-03	-1.908580e-03	 2.904231e-01	-4.705330e-02	 3.816074e-03	 1.259166e-02	 7.938011e-03	-1.286991e-02	 1.496201e-02	 6.039422e-03	 2.997616e-02	-2.273469e-04	-9.817103e-05	-2.344730e-04	 6.013593e-05	-2.553425e-04	-3.235993e-04	 1.610174e-06	 4.158133e-06	 1.335654e-05	-1.783640e-05	 3.898099e-13	-1.245784e-02	-1.371944e-01	 2.709786e-04	 5.917159e-05	 2.046667e-03	-2.775042e-04	
 2.217970e-06	 7.775462e-05	 2.279524e-02	 5.147344e-05	 1.005176e-04	-2.515054e-05	 5.930807e-05	-9.340270e-04	 1.920686e-03	 6.854241e-04	-1.437724e-02	 5.694709e-04	 2.261252e-03	 4.469747e-02	-2.803409e-02	 6.071884e-04	 1.119727e-02	 8.603492e-04	-2.791894e-03	 2.767447e-03	-7.299403e-04	 7.867384e-03	-1.127994e-04	-4.976187e-05	-8.352615e-05	 3.141606e-05	-1.145247e-04	-4.203130e-04	 7.415155e-07	 6.810855e-07	 4.256688e-06	-4.693553e-06	 1.092748e-13	-3.806215e-03	-3.881829e-02	 4.315370e-05	-3.489229e-05	 6.036010e-04	 2.405138e-04	
-6.900690e-05	-1.791700e-03	-4.594087e-01	-5.553096e-03	-3.905638e-03	-1.610049e-03	-2.755490e-02	-5.098958e-02	-2.339550e-02	-1.437724e-02	 4.512735e+01	-3.979422e-01	-7.311127e-01	 3.935543e+01	 1.069590e+00	-1.563281e+01	-5.519218e+01	-5.188371e-01	 3.674285e-02	 1.548124e+00	-3.769284e+00	-3.170092e+01	-3.011369e-03	-8.798491e-03	-1.699733e-02	-1.324453e-02	-3.119616e-02	 1.085756e-02	-2.035252e-05	 9.304589e-04	 4.285722e-04	 1.249529e-04	-1.194032e-11	 8.259461e-02	 8.747406e-01	-3.181257e-03	 2.151930e-04	-1.217826e-02	-3.558108e-02	
 1.748973e-06	 7.942819e-05	 2.034904e-02	 6.516566e-05	 1.247144e-04	-7.111290e-05	 9.289213e-04	 2.741475e-04	 1.620450e-03	 5.694709e-04	-3.979422e-01	 7.998250e-02	-4.828967e-02	-4.800557e-01	 9.335743e-01	 1.727452e+00	 6.927827e-01	 2.028320e-02	-6.177419e-02	-2.535374e-02	 6.581542e-02	 1.057967e-01	 5.341851e-04	 6.484607e-04	 5.197616e-04	 1.389419e-03	 5.719433e-04	-1.092167e-03	-5.343290e-06	-3.681178e-06	 3.910476e-05	-8.981091e-06	 1.371614e-13	-3.686471e-03	-3.942653e-02	 1.609945e-05	-1.281156e-05	 6.504303e-04	 8.534551e-04	
 3.411343e-05	-1.642253e-04	 7.228555e-02	 1.468147e-03	 1.563778e-03	 6.239021e-04	-8.677057e-04	-1.516993e-02	-1.908580e-03	 2.261252e-03	-7.311127e-01	-4.828967e-02	 3.796956e+00	-2.784255e+01	-3.819367e+00	 6.540501e+00	 3.836810e+00	-2.299179e+00	-2.197661e-01	 1.928204e-01	 2.761550e+00	 3.585731e+00	-5.473014e-03	 2.064808e-03	 7.034452e-03	 2.925376e-03	-5.743647e-03	-2.729277e-02	 1.354317e-04	 3.346254e-05	 6.541980e-05	 6.244939e-05	 3.159798e-12	-2.771961e-03	 2.819085e-02	 8.749778e-04	-8.780267e-04	-7.841486e-04	-9.463368e-03	
-3.752646e-04	 1.466390e-02	 1.563081e+00	-4.786309e-03	-1.965750e-02	-1.534787e-02	-4.730344e-02	-4.133834e-02	 2.904231e-01	 4.469747e-02	 3.935543e+01	-4.800557e-01	-2.784255e+01	 8.188738e+02	 7.935445e+01	-3.758607e+01	-4.222192e+01	 8.470533e+00	-7.071679e+00	 6.882415e+00	-8.969938e+00	-2.420635e+01	 7.169668e-02	-2.630413e-02	-2.049801e-01	 3.786408e-02	 6.245094e-02	 4.614370e-02	 5.296502e-03	 5.835525e-04	 6.132041e-03	-1.229423e-03	-1.050621e-11	-4.666167e-01	-5.938019e+00	 1.921587e-03	 1.506864e-02	 8.858863e-02	 8.617025e-02	
-2.863569e-04	-1.663423e-03	-9.625604e-01	-1.028110e-02	-9.228546e-03	-6.173369e-03	-2.395149e-02	-1.467305e-02	-4.705330e-02	-2.803409e-02	 1.069590e+00	 9.335743e-01	-3.819367e+00	 7.935445e+01	 6.303044e+01	 3.883293e+01	 1.798401e+01	-5.165595e+00	-4.538073e-01	-1.771038e+00	 3.218371e+00	 4.259305e+00	 8.744636e-03	 1.758196e-03	-2.499950e-02	 5.354750e-02	 2.963170e-02	 3.442885e-02	 2.507745e-04	 3.337138e-04	 1.936808e-03	 1.096468e-04	-2.189940e-11	 1.266268e-01	 1.106842e+00	-5.558944e-03	 4.255166e-03	-1.576840e-02	-2.595964e-02	
-1.106938e-04	 8.014630e-04	-2.945914e-02	 8.458032e-03	 1.103592e-04	 1.049644e-03	 1.767087e-02	-4.993263e-02	 3.816074e-03	 6.071884e-04	-1.563281e+01	 1.727452e+00	 6.540501e+00	-3.758607e+01	 3.883293e+01	 8.247665e+01	 5.531858e+01	-1.047618e+01	-1.647355e+00	-1.405195e+00	 3.725175e+00	 8.604016e+00	-2.855163e-03	 2.250143e-02	 1.317432e-02	 7.790135e-02	 4.578659e-02	-9.909221e-02	 5.544149e-04	-3.410660e-05	 1.716882e-03	-2.368777e-05	 1.819689e-11	-1.555331e-02	-2.619610e-01	 2.868077e-03	 1.563734e-03	 5.528075e-03	-2.405298e-02	
-5.887170e-05	 1.965451e-03	 3.252085e-01	 1.687411e-02	 2.073399e-03	 4.068501e-03	 3.950814e-02	 2.486008e-02	 1.259166e-02	 1.119727e-02	-5.519218e+01	 6.927827e-01	 3.836810e+00	-4.222192e+01	 1.798401e+01	 5.531858e+01	 1.034664e+02	-7.421255e+00	 4.517274e-01	-2.365602e+00	 1.671668e+00	 2.977449e+01	-5.852129e-03	 9.194335e-03	 1.234282e-02	 3.738877e-02	 8.002551e-02	-1.241860e-01	 6.812420e-04	-1.384726e-03	 2.042025e-03	-4.054287e-05	 3.627051e-11	-7.233951e-02	-8.289540e-01	 6.919026e-03	 1.000876e-03	 1.262198e-02	 1.717125e-02	
 1.417391e-05	 3.225309e-04	 2.522036e-02	-1.437328e-03	-1.810799e-03	-6.313296e-04	-4.306749e-03	 8.131554e-03	 7.938011e-03	 8.603492e-04	-5.188371e-01	 2.028320e-02	-2.299179e+00	 8.470533e+00	-5.165595e+00	-1.047618e+01	-7.421255e+00	 5.192195e+00	 1.426489e-01	-1.064750e-01	-1.880403e+00	-2.020624e+00	 3.225828e-03	 2.541603e-03	-6.506292e-04	-6.047604e-03	-3.041324e-03	-3.312374e-03	-1.865904e-04	-7.998731e-05	 1.212096e-05	-1.391435e-05	-3.118921e-12	-1.021889e-02	-1.344983e-01	-9.114096e-04	 4.614380e-04	 1.858930e-03	 7.723963e-03	
-3.418913e-05	-5.854389e-04	-9.638905e-02	 7.538030e-04	-3.903208e-04	 1.006564e-03	 3.483376e-03	 3.662566e-04	-1.286991e-02	-2.791894e-03	 3.674285e-02	-6.177419e-02	-2.197661e-01	-7.071679e+00	-4.538073e-01	-1.647355e+00	 4.517274e-01	 1.426489e-01	 3.222324e+00	 4.866367e-01	-1.485975e-01	-5.048801e-01	 5.158941e-03	-4.233521e-04	 8.295847e-03	-2.788902e-03	-1.031613e-03	 1.248563e-02	 1.535404e-04	-1.289484e-04	-1.001620e-04	 6.591680e-05	 1.604374e-12	 2.288288e-02	 2.728566e-01	-3.123743e-04	-4.066882e-04	-3.369956e-03	-4.674673e-03	
 5.011959e-06	 4.484207e-04	 1.005974e-01	 1.172609e-03	 1.847389e-04	 4.868240e-04	-1.230814e-02	-3.466787e-02	 1.496201e-02	 2.767447e-03	 1.548124e+00	-2.535374e-02	 1.928204e-01	 6.882415e+00	-1.771038e+00	-1.405195e+00	-2.365602e+00	-1.064750e-01	 4.866367e-01	 3.190764e+00	 2.613823e+00	 1.952375e+00	 9.295152e-04	-3.276992e-03	-3.757117e-04	-7.416471e-03	-7.058662e-03	-1.446725e-02	-2.167767e-04	 5.646136e-06	-3.180795e-05	 3.667290e-06	 2.469373e-12	-1.901254e-02	-2.036637e-01	 9.778004e-04	 5.491922e-05	 2.903579e-03	-1.316600e-02	
 1.074316e-06	 6.370525e-05	-1.285393e-02	-3.200400e-03	 1.172616e-04	-1.939761e-03	-1.889440e-02	-3.692757e-02	 6.039422e-03	-7.299403e-04	-3.769284e+00	 6.581542e-02	 2.761550e+00	-8.969938e+00	 3.218371e+00	 3.725175e+00	 1.671668e+00	-1.880403e+00	-1.485975e-01	 2.613823e+00	 1.096438e+01	 1.872577e+01	-1.475866e-03	 1.073406e-03	 1.888506e-02	-2.820561e-03	-1.706385e-02	-2.932609e-02	-7.669811e-05	 5.291622e-04	 3.501910e-04	 4.639111e-05	-6.851827e-12	-2.229900e-04	-9.848280e-03	-3.617944e-04	 2.274497e-04	-7.445549e-04	-1.870098e-02	
 1.859102e-05	 1.355974e-03	 2.565175e-01	-1.834780e-03	 1.748593e-03	-2.823008e-03	-1.737328e-02	-2.558038e-02	 2.997616e-02	 7.867384e-03	-3.170092e+01	 1.057967e-01	 3.585731e+00	-2.420635e+01	 4.259305e+00	 8.604016e+00	 2.977449e+01	-2.020624e+00	-5.048801e-01	 1.952375e+00	 1.872577e+01	 5.266772e+01	-5.322444e-03	 1.227338e-02	 4.521796e-02	 8.842409e-03	-1.326334e-02	-1.650721e-02	-8.130360e-05	 1.037951e-03	 1.107382e-03	-4.037541e-05	-3.898908e-12	-5.386482e-02	-6.042616e-01	 1.247910e-03	 5.316600e-04	 7.493574e-03	-4.410398e-03	
-3.393296e-07	-7.945519e-06	-3.828339e-03	-4.519538e-05	-1.448120e-05	-1.418635e-05	-3.961254e-05	 3.089028e-04	-2.273469e-04	-1.127994e-04	-3.011369e-03	 5.341851e-04	-5.473014e-03	 7.169668e-02	 8.744636e-03	-2.855163e-03	-5.852129e-03	 3.225828e-03	 5.158941e-03	 9.295152e-04	-1.475866e-03	-5.322444e-03	 1.544293e-03	 2.953326e-04	 2.036024e-04	-3.246891e-04	-1.046113e-04	-1.283713e-05	 1.507048e-06	-5.229708e-07	-5.034347e-06	 3.899102e-07	-9.678085e-14	 5.134653e-04	 4.573678e-03	-1.181291e-05	 1.596608e-05	-7.919575e-05	 7.385775e-05	
-4.492498e-07	-1.609089e-06	-1.905109e-03	-2.603378e-05	-2.112271e-05	-1.692530e-05	 1.369412e-04	 2.140946e-04	-9.817103e-05	-4.976187e-05	-8.798491e-03	 6.484607e-04	 2.064808e-03	-2.630413e-02	 1.758196e-03	 2.250143e-02	 9.194335e-03	 2.541603e-03	-4.233521e-04	-3.276992e-03	 1.073406e-03	 1.227338e-02	 2.953326e-04	 9.568410e-04	 2.524901e-04	 8.457011e-04	 8.278320e-05	-3.732329e-04	 1.906146e-07	 8.850898e-07	 7.110310e-06	-2.468614e-07	-5.589993e-14	 1.982729e-04	 1.369501e-03	-1.670658e-05	 1.209140e-05	-1.554363e-05	 9.047116e-05	
 1.350687e-07	-1.772376e-05	-3.514094e-03	 8.325076e-06	 2.730983e-06	 2.218792e-05	-2.240182e-04	-2.917730e-04	-2.344730e-04	-8.352615e-05	-1.699733e-02	 5.197616e-04	 7.034452e-03	-2.049801e-01	-2.499950e-02	 1.317432e-02	 1.234282e-02	-6.506292e-04	 8.295847e-03	-3.757117e-04	 1.888506e-02	 4.521796e-02	 2.036024e-04	 2.524901e-04	 7.151806e-03	-2.266947e-04	 8.126785e-04	 4.412996e-03	-3.345451e-06	 3.145016e-06	-1.223341e-05	 1.610243e-06	 1.854946e-14	 6.938686e-04	 7.861596e-03	 9.941440e-06	-5.516737e-06	-1.237291e-04	-2.246737e-04	
-4.369879e-07	 1.049786e-05	 7.386798e-04	-3.548174e-05	-1.623123e-05	-2.259559e-05	 4.122957e-04	 1.282530e-04	 6.013593e-05	 3.141606e-05	-1.324453e-02	 1.389419e-03	 2.925376e-03	 3.786408e-02	 5.354750e-02	 7.790135e-02	 3.738877e-02	-6.047604e-03	-2.788902e-03	-7.416471e-03	-2.820561e-03	 8.842409e-03	-3.246891e-04	 8.457011e-04	-2.266947e-04	 2.993764e-03	 6.918850e-04	-1.569981e-04	 2.747926e-07	 7.931223e-07	 9.547914e-07	-4.122735e-07	-7.586531e-14	-3.119232e-04	-4.151164e-03	-2.655730e-05	 1.380892e-05	 7.625146e-05	 1.076985e-04	
-2.691319e-07	-6.766032e-06	-3.526252e-03	 5.905105e-05	-2.630307e-05	 2.125686e-05	 3.883021e-05	-4.311903e-04	-2.553425e-04	-1.145247e-04	-3.119616e-02	 5.719433e-04	-5.743647e-03	 6.245094e-02	 2.963170e-02	 4.578659e-02	 8.002551e-02	-3.041324e-03	-1.031613e-03	-7.058662e-03	-1.706385e-02	-1.326334e-02	-1.046113e-04	 8.278320e-05	 8.126785e-04	 6.918850e-04	 6.936203e-03	 7.962915e-03	 7.745969e-07	-3.441654e-06	 6.556643e-06	 1.735797e-06	 1.268217e-13	 4.554356e-04	 4.103861e-03	 1.539677e-05	 1.609767e-05	-6.505489e-05	-3.387021e-04	
-4.858309e-07	-6.444893e-06	-1.679664e-02	 1.735030e-04	 3.159225e-05	 8.684974e-05	-5.055582e-04	-1.182851e-03	-3.235993e-04	-4.203130e-04	 1.085756e-02	-1.092167e-03	-2.729277e-02	 4.614370e-02	 3.442885e-02	-9.909221e-02	-1.241860e-01	-3.312374e-03	 1.248563e-02	-1.446725e-02	-2.932609e-02	-1.650721e-02	-1.283713e-05	-3.732329e-04	 4.412996e-03	-1.569981e-04	 7.962915e-03	 6.820139e-02	-3.968740e-06	-6.780469e-07	-1.438484e-05	 1.514921e-06	 3.711348e-13	 1.510709e-03	 8.928016e-03	 1.773597e-04	 1.298732e-04	-2.208930e-04	-7.872046e-04	
-2.994535e-09	 1.092050e-07	 2.232904e-05	 1.073308e-07	-8.171281e-08	-1.481869e-07	 1.111205e-06	 3.626126e-06	 1.610174e-06	 7.415155e-07	-2.035252e-05	-5.343290e-06	 1.354317e-04	 5.296502e-03	 2.507745e-04	 5.544149e-04	 6.812420e-04	-1.865904e-04	 1.535404e-04	-2.167767e-04	-7.669811e-05	-8.130360e-05	 1.507048e-06	 1.906146e-07	-3.345451e-06	 2.747926e-07	 7.745969e-07	-3.968740e-06	 3.772406e-07	-2.655263e-08	 9.020781e-08	-1.061818e-08	 2.311801e-16	-4.320509e-06	-4.824175e-05	 6.538277e-09	 2.069479e-08	 7.667071e-07	 2.539674e-06	
 9.870197e-10	 1.264822e-07	 2.354376e-05	-4.994001e-07	-1.273726e-07	-3.730681e-07	-3.740930e-06	-6.314872e-06	 4.158133e-06	 6.810855e-07	 9.304589e-04	-3.681178e-06	 3.346254e-05	 5.835525e-04	 3.337138e-04	-3.410660e-05	-1.384726e-03	-7.998731e-05	-1.289484e-04	 5.646136e-06	 5.291622e-04	 1.037951e-03	-5.229708e-07	 8.850898e-07	 3.145016e-06	 7.931223e-07	-3.441654e-06	-6.780469e-07	-2.655263e-08	 4.289953e-07	 4.247601e-08	-2.833977e-09	-1.067857e-15	-5.024055e-06	-5.625616e-05	-1.398656e-07	 5.074163e-08	 8.374709e-07	-1.851170e-06	
-3.360496e-08	 8.831042e-07	 1.304088e-04	 8.223788e-06	-7.904145e-07	-1.527287e-06	 1.592101e-05	 2.186543e-05	 1.335654e-05	 4.256688e-06	 4.285722e-04	 3.910476e-05	 6.541980e-05	 6.132041e-03	 1.936808e-03	 1.716882e-03	 2.042025e-03	 1.212096e-05	-1.001620e-04	-3.180795e-05	 3.501910e-04	 1.107382e-03	-5.034347e-06	 7.110310e-06	-1.223341e-05	 9.547914e-07	 6.556643e-06	-1.438484e-05	 9.020781e-08	 4.247601e-08	 5.795712e-06	-9.426781e-08	 1.755547e-14	-3.125309e-05	-3.770684e-04	 2.733971e-06	 5.987589e-07	 6.890169e-06	 1.683529e-05	
-4.690450e-09	-8.428391e-07	-1.459120e-04	 1.347965e-07	-3.733524e-07	 5.862054e-07	-3.288458e-06	-2.451406e-06	-1.783640e-05	-4.693553e-06	 1.249529e-04	-8.981091e-06	 6.244939e-05	-1.229423e-03	 1.096468e-04	-2.368777e-05	-4.054287e-05	-1.391435e-05	 6.591680e-05	 3.667290e-06	 4.639111e-05	-4.037541e-05	 3.899102e-07	-2.468614e-07	 1.610243e-06	-4.122735e-07	 1.735797e-06	 1.514921e-06	-1.061818e-08	-2.833977e-09	-9.426781e-08	 1.553192e-07	 2.897717e-16	 3.256301e-05	 3.894334e-04	-1.144891e-07	-4.430090e-07	-6.004546e-06	-8.377521e-06	
 1.132578e-15	 1.211357e-14	 4.160091e-12	 4.128904e-13	 3.713129e-14	 1.773152e-13	-2.020754e-13	-3.765110e-13	 3.898099e-13	 1.092748e-13	-1.194032e-11	 1.371614e-13	 3.159798e-12	-1.050621e-11	-2.189940e-11	 1.819689e-11	 3.627051e-11	-3.118921e-12	 1.604374e-12	 2.469373e-12	-6.851827e-12	-3.898908e-12	-9.678085e-14	-5.589993e-14	 1.854946e-14	-7.586531e-14	 1.268217e-13	 3.711348e-13	 2.311801e-16	-1.067857e-15	 1.755547e-14	 2.897717e-16	 8.826373e-22	-6.648415e-13	-6.480136e-12	 1.910203e-13	-8.674258e-15	 8.467791e-14	-4.856106e-14	
-1.065858e-05	-5.405422e-04	-1.263473e-01	-3.133034e-04	-5.386940e-04	 2.252852e-04	-9.260296e-05	 6.809526e-03	-1.245784e-02	-3.806215e-03	 8.259461e-02	-3.686471e-03	-2.771961e-03	-4.666167e-01	 1.266268e-01	-1.555331e-02	-7.233951e-02	-1.021889e-02	 2.288288e-02	-1.901254e-02	-2.229900e-04	-5.386482e-02	 5.134653e-04	 1.982729e-04	 6.938686e-04	-3.119232e-04	 4.554356e-04	 1.510709e-03	-4.320509e-06	-5.024055e-06	-3.125309e-05	 3.256301e-05	-6.648415e-13	 2.372575e-02	 2.558763e-01	-3.885534e-04	-2.072209e-05	-3.863820e-03	-1.155202e-03	
-9.259664e-05	-6.180541e-03	-1.264321e+00	-3.058213e-03	-5.216891e-03	 2.977868e-03	-6.179741e-04	 7.783307e-02	-1.371944e-01	-3.881829e-02	 8.747406e-01	-3.942653e-02	 2.819085e-02	-5.938019e+00	 1.106842e+00	-2.619610e-01	-8.289540e-01	-1.344983e-01	 2.728566e-01	-2.036637e-01	-9.848280e-03	-6.042616e-01	 4.573678e-03	 1.369501e-03	 7.861596e-03	-4.151164e-03	 4.103861e-03	 8.928016e-03	-4.824175e-05	-5.625616e-05	-3.770684e-04	 3.894334e-04	-6.480136e-12	 2.558763e-01	 2.848689e+00	-4.734817e-03	-1.709842e-03	-4.242522e-02	-1.123222e-02	
 2.735259e-07	 1.110805e-05	 1.358978e-03	 8.940357e-05	 1.665487e-05	 3.119770e-05	-1.518270e-04	-3.333149e-04	 2.709786e-04	 4.315370e-05	-3.181257e-03	 1.609945e-05	 8.749778e-04	 1.921587e-03	-5.558944e-03	 2.868077e-03	 6.919026e-03	-9.114096e-04	-3.123743e-04	 9.778004e-04	-3.617944e-04	 1.247910e-03	-1.181291e-05	-1.670658e-05	 9.941440e-06	-2.655730e-05	 1.539677e-05	 1.773597e-04	 6.538277e-09	-1.398656e-07	 2.733971e-06	-1.144891e-07	 1.910203e-13	-3.885534e-04	-4.734817e-03	 5.895105e-05	 1.110718e-05	 5.704142e-05	-7.561334e-05	
-3.572511e-07	 6.442593e-06	-1.564782e-03	-4.013017e-06	-9.106226e-06	-9.210682e-06	-1.508965e-05	-1.064788e-04	 5.917159e-05	-3.489229e-05	 2.151930e-04	-1.281156e-05	-8.780267e-04	 1.506864e-02	 4.255166e-03	 1.563734e-03	 1.000876e-03	 4.614380e-04	-4.066882e-04	 5.491922e-05	 2.274497e-04	 5.316600e-04	 1.596608e-05	 1.209140e-05	-5.516737e-06	 1.380892e-05	 1.609767e-05	 1.298732e-04	 2.069479e-08	 5.074163e-08	 5.987589e-07	-4.430090e-07	-8.674258e-15	-2.072209e-05	-1.709842e-03	 1.110718e-05	 2.535232e-05	 1.486176e-05	-3.417203e-05	
 1.273008e-06	 9.095836e-05	 1.980523e-02	 3.998094e-05	 7.891754e-05	-4.478725e-05	 9.888700e-05	-1.108946e-03	 2.046667e-03	 6.036010e-04	-1.217826e-02	 6.504303e-04	-7.841486e-04	 8.858863e-02	-1.576840e-02	 5.528075e-03	 1.262198e-02	 1.858930e-03	-3.369956e-03	 2.903579e-03	-7.445549e-04	 7.493574e-03	-7.919575e-05	-1.554363e-05	-1.237291e-04	 7.625146e-05	-6.505489e-05	-2.208930e-04	 7.667071e-07	 8.374709e-07	 6.890169e-06	-6.004546e-06	 8.467791e-14	-3.863820e-03	-4.242522e-02	 5.704142e-05	 1.486176e-05	 6.463571e-04	 2.006998e-04	
 1.207570e-06	 1.868774e-05	 8.634597e-03	-2.277153e-05	 1.411078e-05	-2.800303e-07	 1.732605e-03	 6.558024e-03	-2.775042e-04	 2.405138e-04	-3.558108e-02	 8.534551e-04	-9.463368e-03	 8.617025e-02	-2.595964e-02	-2.405298e-02	 1.717125e-02	 7.723963e-03	-4.674673e-03	-1.316600e-02	-1.870098e-02	-4.410398e-03	 7.385775e-05	 9.047116e-05	-2.246737e-04	 1.076985e-04	-3.387021e-04	-7.872046e-04	 2.539674e-06	-1.851170e-06	 1.683529e-05	-8.377521e-06	-4.856106e-14	-1.155202e-03	-1.123222e-02	-7.561334e-05	-3.417203e-05	 2.006998e-04	 3.395643e-03	
