#          omega_b,        omega_cdm,                h,     ln10^{10}A_s,              n_s,         tau_reio, scf_parameters__1,       f_axion_ac,   log10_axion_ac,              yp2,            Kappa, Dl_Poisson_90x90, Dl_Poisson_90x150, Dl_Poisson_90x220, Dl_Poisson_150x150, Dl_Poisson_150x220, Dl_Poisson_220x220,     ADust_TE_150,     AlphaDust_TE,     ADust_EE_150,     AlphaDust_EE,        MapTcal90,       MapTcal150,       MapTcal220,        MapPcal90,       MapPcal150,       MapPcal220,        A_cib_217,        xi_sz_cib,             A_sz,     ps_A_100_100,     ps_A_143_143,     ps_A_143_217,     ps_A_217_217,         ksz_norm,     gal545_A_100,     gal545_A_143, gal545_A_143_217,     gal545_A_217,    galf_TE_A_100, galf_TE_A_100_143, galf_TE_A_100_217,    galf_TE_A_143, galf_TE_A_143_217,    galf_TE_A_217,       calib_100T,       calib_217T,         A_planck,           sigma8,          Omega_m,              age,           rs_rec,             rs_d,           da_rec,            z_rec,           ds_rec,             ds_d,      100*theta_s,            f_ede,        log10_z_c
 2.860122e-08	 2.298662e-07	 1.417728e-06	 1.154936e-06	 7.898245e-07	 4.152424e-07	 4.029560e-05	 2.968321e-06	-5.649153e-06	 3.821433e-08	 7.161562e-10	-2.546120e-08	 1.138918e-10	-1.257476e-08	-1.180295e-08	 2.569513e-08	-1.576950e-09	-6.456638e-07	-4.575835e-08	-1.024124e-08	-1.037915e-08	-3.982237e-08	-3.616045e-08	-5.110102e-08	 4.143130e-08	 4.093962e-08	 2.019109e-08	-2.574610e-05	-3.927186e-07	 5.986840e-06	-2.749209e-04	-4.667639e-04	-4.366320e-04	-4.049549e-04	 7.161038e-06	-5.186183e-06	 1.553848e-06	-7.224829e-06	-3.500433e-06	 1.404954e-07	 2.785648e-08	 6.154035e-07	-2.831284e-07	-6.538672e-07	-1.867242e-06	 2.409491e-09	 1.567483e-10	-2.772643e-08	 7.714636e-07	-7.185001e-07	-1.848695e-05	-1.552952e-04	-1.665213e-04	-1.345839e-05	-7.388002e-06	-1.415470e-07	-1.678605e-07	-1.116269e-08	 2.968179e-06	 5.651916e-06	
 2.298662e-07	 1.834562e-05	 5.248270e-05	 3.569975e-05	 2.444154e-05	 3.874722e-06	 1.533711e-03	 1.666462e-04	-5.862041e-06	-4.061474e-07	-6.848201e-10	-7.612073e-07	-1.816708e-07	 2.145154e-07	-1.554144e-07	 1.305061e-07	-2.049665e-06	 3.897022e-06	 2.086425e-06	 1.080928e-06	 6.087582e-07	-2.380020e-07	 1.417919e-08	 2.453531e-07	-1.694356e-08	 4.941371e-07	 1.232308e-06	-1.908352e-03	 1.174807e-05	 5.930998e-04	-7.558395e-03	-1.197242e-02	-8.584548e-03	-7.262072e-03	-3.798152e-04	-2.454874e-04	-1.951403e-04	 1.210034e-04	 1.032332e-03	 4.030743e-06	-9.809700e-07	 9.767616e-06	 4.738245e-06	 5.771593e-06	 4.014485e-05	 1.518909e-07	 4.452738e-08	-1.516811e-06	 4.579892e-05	-7.626011e-06	-9.072685e-04	-9.224470e-03	-9.459520e-03	-8.175351e-04	 1.532626e-03	-8.642012e-06	-9.182802e-06	-1.027083e-06	 1.666216e-04	 5.948107e-06	
 1.417728e-06	 5.248270e-05	 2.395804e-04	 1.655409e-04	 1.171441e-04	 4.907977e-05	 6.734847e-03	 5.961264e-04	-1.092128e-04	-1.870507e-06	 5.070644e-09	-5.115613e-06	-7.389939e-08	 6.900482e-08	-8.710304e-07	 1.007960e-06	-5.865321e-06	-4.398067e-06	 3.285918e-06	 3.086979e-06	-6.402066e-06	-1.256558e-06	 5.003232e-07	-5.775767e-07	 1.571584e-06	 3.227531e-06	 5.260703e-06	-4.983616e-03	 9.659135e-06	 1.692181e-03	-3.880786e-02	-5.665636e-02	-4.595767e-02	-4.161396e-02	-7.690949e-04	-5.412835e-04	-7.039671e-05	 1.850713e-04	 1.869120e-03	 1.451394e-05	 2.572295e-07	 4.556230e-05	 1.694909e-05	-7.078174e-07	 3.280466e-05	 3.795341e-07	 1.416402e-07	-5.999109e-06	 1.453657e-04	-9.886197e-05	-3.363365e-03	-3.015772e-02	-3.109172e-02	-2.665846e-03	 3.970990e-03	-2.812878e-05	-3.030880e-05	-2.944086e-06	 5.960387e-04	 1.092889e-04	
 1.154936e-06	 3.569975e-05	 1.655409e-04	 3.744771e-04	 8.545863e-05	 1.560991e-04	 4.632326e-03	 4.075997e-04	-1.459928e-04	-3.484949e-06	-7.980931e-08	-3.739905e-06	-1.820123e-06	-1.823224e-06	-1.907269e-06	-1.665968e-07	-5.790492e-06	-1.387304e-05	 4.406129e-06	 1.882143e-06	-6.235450e-07	-4.136441e-06	-2.034897e-06	-3.404788e-06	 1.167527e-05	 1.189817e-05	 1.252277e-05	-7.086940e-03	 1.406118e-04	 1.113789e-03	-5.177626e-02	-4.218256e-02	-3.145394e-02	-2.523701e-02	-2.380638e-03	-5.302021e-04	-1.410687e-03	-1.257811e-03	 1.484061e-03	 1.318544e-05	-1.994670e-06	 3.143768e-05	-1.755855e-05	-1.668596e-05	 2.151370e-05	 3.865679e-07	-1.848929e-07	 2.813991e-06	 2.092175e-04	-6.800828e-05	-2.311490e-03	-2.068092e-02	-2.136114e-02	-1.827624e-03	 2.463241e-03	-1.925974e-05	-2.084957e-05	-1.816524e-06	 4.075616e-04	 1.462257e-04	
 7.898245e-07	 2.444154e-05	 1.171441e-04	 8.545863e-05	 7.007614e-05	 2.873711e-05	 3.789930e-03	 2.885662e-04	-2.749715e-04	-1.644397e-06	 1.114967e-08	-9.189290e-07	-4.287725e-07	-3.403336e-07	-9.246048e-07	 5.269368e-07	-1.209984e-06	-8.276499e-06	 1.395030e-07	 1.225436e-06	-3.187577e-06	-6.923444e-07	 4.619227e-07	-1.089496e-06	 2.329075e-06	 2.852209e-06	 3.239145e-06	-3.399563e-03	 2.234777e-05	 7.300735e-04	-3.375544e-02	-3.551239e-02	-2.955516e-02	-2.644398e-02	-7.158051e-04	 1.780768e-04	 1.443197e-04	-1.625377e-05	 1.203007e-03	 9.856430e-06	 1.857816e-06	 2.693507e-05	 8.408973e-06	-1.125989e-06	 9.919984e-07	 5.175440e-08	 4.048365e-08	-3.133222e-06	 7.386705e-05	-5.064215e-05	-1.615533e-03	-1.429386e-02	-1.476708e-02	-1.262230e-03	 1.673457e-03	-1.330736e-05	-1.441953e-05	-1.307388e-06	 2.885246e-04	 2.750732e-04	
 4.152424e-07	 3.874722e-06	 4.907977e-05	 1.560991e-04	 2.873711e-05	 7.792510e-05	 1.224241e-03	 8.543570e-05	-5.789755e-05	 1.160539e-06	-4.256790e-08	-1.417369e-06	-6.677793e-07	-9.140850e-07	-8.085757e-07	-8.741804e-08	-1.467557e-06	-1.319163e-05	 7.085249e-07	-9.409599e-08	-1.050201e-06	-2.509729e-06	-1.606221e-06	-2.698371e-06	 3.208594e-06	 2.748913e-06	 2.986358e-06	-2.228950e-03	 4.888956e-05	 2.646678e-04	-2.529789e-02	-1.450832e-02	-1.180459e-02	-1.057271e-02	-8.238114e-04	-9.504537e-06	-3.714825e-04	-4.247587e-04	-1.530270e-04	 5.354415e-06	-4.458900e-07	 1.073661e-05	-1.325429e-05	-1.217827e-05	-1.489763e-05	 3.897709e-08	-1.004587e-07	-1.088710e-06	 6.770951e-05	-3.363079e-05	-5.164115e-04	-3.558925e-03	-3.725344e-03	-3.125378e-04	 8.523237e-05	-3.274017e-06	-3.670804e-06	-1.551183e-07	 8.543366e-05	 5.791028e-05	
 4.029560e-05	 1.533711e-03	 6.734847e-03	 4.632326e-03	 3.789930e-03	 1.224241e-03	 6.955649e-01	 1.881081e-02	-5.275240e-02	-1.594194e-04	 7.715868e-06	 1.330542e-04	 1.050198e-05	 5.168823e-05	-5.414604e-06	 2.037506e-05	-3.354848e-04	-3.892786e-04	 2.123533e-05	 1.046628e-04	-3.996044e-04	 7.463494e-05	 1.615397e-04	 5.852706e-05	 2.448667e-04	 2.197298e-04	 5.198231e-04	-1.369644e-01	-2.763711e-03	 4.309679e-02	-8.658796e-01	-1.485063e+00	-1.260457e+00	-1.005680e+00	-3.195261e-02	 1.177156e-02	 2.229302e-02	-3.601131e-04	 2.001963e-02	 8.786448e-05	 2.631068e-04	-5.881674e-04	 1.791616e-03	-1.705490e-03	-6.426658e-03	 1.354184e-05	-1.550704e-05	-3.172670e-05	 4.076107e-03	-2.699696e-03	-9.714077e-02	-8.770213e-01	-9.044258e-01	-7.780080e-02	 1.170650e-01	-8.182969e-04	-8.821329e-04	-6.439984e-05	 1.880822e-02	 5.276472e-02	
 2.968321e-06	 1.666462e-04	 5.961264e-04	 4.075997e-04	 2.885662e-04	 8.543570e-05	 1.881081e-02	 1.687339e-03	-4.131919e-04	-6.247606e-06	-8.565806e-08	-9.504398e-06	-1.083009e-06	 1.270044e-06	-2.087907e-06	 1.794997e-06	-1.899620e-05	 1.388173e-05	 1.531295e-05	 9.034131e-06	-7.960271e-06	-2.437151e-06	 1.475165e-06	 1.119106e-06	 2.753942e-06	 7.582516e-06	 1.450544e-05	-1.574775e-02	 5.967079e-05	 5.038986e-03	-8.513287e-02	-1.356624e-01	-1.053554e-01	-9.265112e-02	-2.857906e-03	-1.920319e-03	-9.456209e-04	 9.515304e-04	 7.880574e-03	 3.955130e-05	-5.219744e-06	 9.722380e-05	 5.447923e-05	 2.626059e-05	 2.359971e-04	 1.315939e-06	 4.056779e-07	-1.482929e-05	 4.335543e-04	-1.725677e-04	-9.269946e-03	-8.886293e-02	-9.130899e-02	-7.866042e-03	 1.354624e-02	-8.310639e-05	-8.877400e-05	-9.534049e-06	 1.687102e-03	 4.138183e-04	
-5.649153e-06	-5.862041e-06	-1.092128e-04	-1.459928e-04	-2.749715e-04	-5.789755e-05	-5.275240e-02	-4.131919e-04	 1.833808e-02	 5.565514e-05	-1.675079e-06	-1.613913e-05	-4.592312e-06	 8.209081e-06	 1.067483e-05	 2.499078e-06	-2.301890e-05	 2.411559e-04	 6.420493e-05	 8.234303e-06	 7.584946e-06	-1.271751e-05	-1.457837e-05	 2.081512e-05	-4.436305e-05	-4.403865e-05	-2.776394e-05	-4.695938e-02	 1.070105e-03	 3.368941e-03	-3.349831e-02	-2.567197e-02	 4.027117e-02	 7.313336e-02	-8.311433e-03	 3.858788e-04	-8.241333e-03	-6.016747e-03	 2.858724e-03	 7.615412e-05	-3.067491e-05	-1.569762e-04	-1.100398e-04	 3.119278e-04	 7.894757e-04	 3.543305e-06	 5.717924e-07	-2.859556e-05	-8.696195e-05	 7.313390e-05	 1.242181e-03	 7.848641e-03	 9.600822e-03	 6.992570e-04	 7.300717e-03	 6.328125e-06	 1.063683e-05	-7.622104e-06	-4.132384e-04	-1.834153e-02	
 3.821433e-08	-4.061474e-07	-1.870507e-06	-3.484949e-06	-1.644397e-06	 1.160539e-06	-1.594194e-04	-6.247606e-06	 5.565514e-05	 2.111740e-05	-2.519383e-08	-8.106627e-07	 4.345430e-07	 1.377796e-07	 2.007000e-07	 6.059810e-08	 3.142847e-07	-9.442016e-07	 9.984169e-07	-8.872387e-07	 2.066167e-06	-5.607052e-07	-3.753470e-07	-4.488545e-07	-2.057528e-06	-2.021081e-06	-1.152636e-06	-1.043246e-03	-3.845158e-06	 3.257121e-04	-4.015502e-03	 3.298727e-05	 6.164005e-04	 4.308215e-04	-7.617595e-05	-3.933075e-05	 1.245710e-04	 5.013171e-04	 1.085809e-03	-2.075441e-06	-1.116888e-06	 6.087904e-06	-6.241909e-06	 4.911152e-07	 2.453389e-05	-1.244976e-08	 5.664024e-08	-2.401182e-06	-2.129017e-06	 8.915578e-07	 2.467095e-05	 2.091758e-04	 2.011391e-04	 1.939015e-05	-7.899969e-05	 2.011887e-07	 1.837576e-07	-5.473816e-09	-6.248286e-06	-5.567551e-05	
 7.161562e-10	-6.848201e-10	 5.070644e-09	-7.980931e-08	 1.114967e-08	-4.256790e-08	 7.715868e-06	-8.565806e-08	-1.675079e-06	-2.519383e-08	 1.230646e-07	 3.901424e-08	 4.536263e-09	-8.519466e-09	 1.681857e-08	-6.709131e-09	 8.653626e-08	-3.938209e-07	 1.599014e-07	 1.903926e-08	 2.712955e-08	-8.284936e-08	-1.299392e-07	-1.034812e-07	 1.733742e-07	 1.959274e-07	 2.205148e-07	-1.012815e-06	 7.500743e-07	 5.901040e-06	 3.256926e-05	 5.795979e-05	 1.212320e-04	 1.140316e-04	-9.639585e-06	 3.682288e-06	 3.455585e-06	-5.192651e-06	-2.751612e-05	-2.155027e-07	-2.328474e-07	-1.790235e-07	-7.056180e-08	 1.617043e-07	-6.504877e-07	 1.228766e-09	 1.514742e-09	-1.244979e-08	 5.381214e-09	-7.723944e-09	-3.931802e-08	 3.731381e-06	 3.505040e-06	 1.573093e-08	-1.135150e-06	 3.563150e-09	 3.084568e-09	 2.724457e-08	-8.593150e-08	 1.678905e-06	
-2.546120e-08	-7.612073e-07	-5.115613e-06	-3.739905e-06	-9.189290e-07	-1.417369e-06	 1.330542e-04	-9.504398e-06	-1.613913e-05	-8.106627e-07	 3.901424e-08	 1.472833e-04	-1.297440e-06	 4.091540e-07	 5.355109e-07	-1.602373e-06	-2.503574e-06	-1.409246e-05	 1.856840e-06	 1.590372e-06	-2.902359e-06	 3.203289e-07	-6.668518e-07	-2.243776e-07	 1.238726e-06	 5.201314e-07	 1.599922e-06	-1.281689e-07	 9.193919e-05	 1.050603e-04	 1.676571e-03	 3.021844e-03	 4.696475e-03	 2.627289e-03	-6.815904e-04	 2.888605e-04	 4.378070e-04	 2.057115e-04	-2.668955e-05	 6.151338e-07	 1.096867e-06	 3.888123e-06	-3.200297e-06	-9.669358e-06	-1.152878e-05	-8.562322e-08	 9.269207e-09	 3.109217e-07	-2.281013e-06	 2.844274e-06	 6.228537e-05	 5.031467e-04	 5.179964e-04	 4.448992e-05	-5.493266e-05	 4.680395e-07	 5.037946e-07	 3.692928e-08	-9.505764e-06	 1.613909e-05	
 1.138918e-10	-1.816708e-07	-7.389939e-08	-1.820123e-06	-4.287725e-07	-6.677793e-07	 1.050198e-05	-1.083009e-06	-4.592312e-06	 4.345430e-07	 4.536263e-09	-1.297440e-06	 2.876364e-05	 7.879355e-08	 2.382757e-07	 6.605897e-08	 1.307003e-06	-2.485155e-06	 2.551315e-06	 4.378643e-07	-1.868450e-06	-2.936038e-07	 2.473195e-08	 3.383274e-07	-2.583064e-07	 1.307905e-07	-1.057378e-07	-7.687236e-04	 1.108443e-05	-1.515170e-04	-1.452986e-03	 6.877670e-05	-4.760657e-04	 1.042892e-04	 2.903101e-04	-1.647566e-05	-8.689984e-05	 4.488185e-06	 4.767950e-04	-2.924519e-06	-7.030733e-07	-7.502536e-06	 8.330200e-07	-4.746091e-06	 6.932901e-06	 6.875466e-08	-3.422195e-08	-9.147330e-08	-1.233504e-06	-3.229142e-07	 5.154475e-06	 7.236355e-05	 7.334985e-05	 6.374399e-06	-1.154742e-05	 6.772720e-08	 7.035434e-08	 1.076304e-08	-1.079999e-06	 4.569167e-06	
-1.257476e-08	 2.145154e-07	 6.900482e-08	-1.823224e-06	-3.403336e-07	-9.140850e-07	 5.168823e-05	 1.270044e-06	 8.209081e-06	 1.377796e-07	-8.519466e-09	 4.091540e-07	 7.879355e-08	 2.238771e-05	-3.171795e-07	 4.915059e-07	 9.438927e-07	-8.896769e-07	-1.820245e-07	 8.215995e-07	 2.376370e-06	-1.169209e-07	-1.626605e-07	-1.021016e-07	-4.089954e-07	-4.140384e-07	 2.785358e-07	 3.962544e-04	-2.675168e-05	 4.247204e-05	-1.989278e-03	-1.206323e-04	-2.475921e-04	-3.102738e-04	-8.198329e-05	 7.189176e-05	-4.729478e-05	-1.750858e-04	-6.173218e-04	 2.353516e-06	 3.643901e-06	-9.647961e-06	 4.652464e-06	-2.904021e-07	-7.518457e-06	-1.960874e-08	-4.656809e-08	-1.855515e-07	-4.793183e-07	 3.508914e-07	-5.367990e-06	-7.979813e-05	-7.721467e-05	-7.016649e-06	 3.179358e-05	-7.689321e-08	-7.078421e-08	-3.059701e-08	 1.269480e-06	-8.256706e-06	
-1.180295e-08	-1.554144e-07	-8.710304e-07	-1.907269e-06	-9.246048e-07	-8.085757e-07	-5.414604e-06	-2.087907e-06	 1.067483e-05	 2.007000e-07	 1.681857e-08	 5.355109e-07	 2.382757e-07	-3.171795e-07	 1.151384e-05	-1.768870e-07	 1.531593e-07	-8.898610e-07	 2.862576e-07	 5.492365e-07	-8.684632e-07	 7.757559e-08	 8.694793e-08	-2.766472e-08	-1.259516e-07	-3.127863e-08	 1.615660e-07	-1.958219e-04	 4.327710e-06	-7.184402e-05	 3.123202e-03	 1.050395e-03	 7.166949e-04	 8.513166e-04	-2.662795e-05	-6.846275e-05	 4.719066e-05	 8.608016e-05	 2.734138e-04	-1.877371e-07	-1.259502e-06	 8.346966e-06	-1.771025e-06	-1.884297e-07	 1.115778e-05	 1.796195e-08	-4.240066e-08	-1.108002e-07	-1.154924e-06	 3.932205e-07	 1.151209e-05	 1.007288e-04	 1.056007e-04	 8.734317e-06	-5.012033e-06	 9.296221e-08	 1.042198e-07	 1.622134e-08	-2.088138e-06	-1.064564e-05	
 2.569513e-08	 1.305061e-07	 1.007960e-06	-1.665968e-07	 5.269368e-07	-8.741804e-08	 2.037506e-05	 1.794997e-06	 2.499078e-06	 6.059810e-08	-6.709131e-09	-1.602373e-06	 6.605897e-08	 4.915059e-07	-1.768870e-07	 3.262909e-05	 2.396846e-07	-8.182300e-07	-3.866300e-07	 4.759421e-07	 1.837392e-06	 1.767146e-08	 5.696202e-07	 2.975125e-07	 2.498390e-07	 2.690083e-07	-2.843687e-07	-2.842233e-04	 2.059008e-05	 2.014783e-04	-2.867652e-03	-1.660724e-03	-4.724685e-04	-2.879358e-04	 1.894263e-04	 9.635268e-05	 2.423373e-05	-2.222308e-05	-5.522548e-05	-3.728977e-06	-1.002108e-06	 5.227858e-06	-1.920656e-06	-7.541109e-07	 1.375937e-05	 6.766237e-08	 5.880057e-08	-1.412391e-07	 7.533529e-08	-5.510082e-07	-1.256361e-05	-1.026482e-04	-1.116990e-04	-8.589635e-06	-1.662097e-05	-9.221752e-08	-1.137361e-07	-2.193869e-08	 1.794486e-06	-2.573365e-06	
-1.576950e-09	-2.049665e-06	-5.865321e-06	-5.790492e-06	-1.209984e-06	-1.467557e-06	-3.354848e-04	-1.899620e-05	-2.301890e-05	 3.142847e-07	 8.653626e-08	-2.503574e-06	 1.307003e-06	 9.438927e-07	 1.531593e-07	 2.396846e-07	 2.081583e-04	-1.862519e-05	-4.547499e-06	-2.960482e-06	 1.643647e-06	-2.248138e-06	-1.369344e-06	-1.832667e-06	 1.212775e-07	 1.888406e-07	-1.047088e-06	 4.942278e-04	-1.086131e-05	 1.959294e-04	-4.215034e-03	 3.568864e-04	 5.432305e-04	 2.083910e-05	-6.574412e-04	-1.372083e-04	-4.165778e-04	-6.588817e-04	-1.671379e-03	 1.205315e-05	 4.236595e-06	 1.065403e-05	-6.963107e-06	-1.940108e-05	 4.311456e-05	 5.462429e-08	-2.754651e-07	 2.272000e-07	-5.195312e-06	 9.251288e-07	 1.000981e-04	 1.016788e-03	 1.035211e-03	 9.010988e-05	-1.990200e-04	 9.560666e-07	 9.982157e-07	 1.417295e-07	-1.899106e-05	 2.286611e-05	
-6.456638e-07	 3.897022e-06	-4.398067e-06	-1.387304e-05	-8.276499e-06	-1.319163e-05	-3.892786e-04	 1.388173e-05	 2.411559e-04	-9.442016e-07	-3.938209e-07	-1.409246e-05	-2.485155e-06	-8.896769e-07	-8.898610e-07	-8.182300e-07	-1.862519e-05	 4.708422e-03	 2.375614e-06	-1.947143e-05	 1.100874e-06	 5.053825e-06	-4.056081e-06	-3.715565e-06	-1.002900e-06	 4.421986e-06	 1.651281e-05	-6.271076e-03	-1.518702e-04	 1.545158e-03	-5.763786e-03	 3.821067e-03	 4.806406e-03	 1.795906e-02	-6.134537e-04	-1.251606e-03	-2.809912e-03	-4.326008e-05	 3.792306e-03	-4.325113e-05	-3.416074e-05	-1.275019e-04	 1.180127e-05	-1.954254e-05	 1.500860e-04	 3.265635e-07	-4.588840e-08	 2.106871e-06	 3.180977e-06	 1.107682e-05	-4.189023e-05	-1.026570e-03	-8.525617e-04	-1.049417e-04	 1.071722e-03	-1.068996e-06	-6.552682e-07	 1.922344e-07	 1.387905e-05	-2.406742e-04	
-4.575835e-08	 2.086425e-06	 3.285918e-06	 4.406129e-06	 1.395030e-07	 7.085249e-07	 2.123533e-05	 1.531295e-05	 6.420493e-05	 9.984169e-07	 1.599014e-07	 1.856840e-06	 2.551315e-06	-1.820245e-07	 2.862576e-07	-3.866300e-07	-4.547499e-06	 2.375614e-06	 3.975390e-04	-1.803525e-07	-7.335671e-06	-2.494186e-06	-1.464856e-06	-1.726892e-06	-3.216414e-07	 4.334599e-07	 1.585788e-06	 3.736632e-04	 1.434361e-05	 2.669304e-04	-1.767428e-03	 1.131284e-03	 2.354868e-03	 1.252766e-03	-9.899831e-04	-3.586205e-04	-8.323985e-04	-3.799755e-04	-6.427080e-04	-5.522711e-06	 9.054608e-06	 3.795577e-05	 1.925238e-05	-8.115063e-06	 1.467419e-05	-1.759470e-07	-1.285409e-07	-4.019581e-07	 5.305549e-06	 1.399319e-06	-7.776342e-05	-9.295162e-04	-9.320856e-04	-8.187190e-05	 2.486710e-04	-8.820679e-07	-8.862771e-07	-2.344295e-07	 1.528312e-05	-6.423079e-05	
-1.024124e-08	 1.080928e-06	 3.086979e-06	 1.882143e-06	 1.225436e-06	-9.409599e-08	 1.046628e-04	 9.034131e-06	 8.234303e-06	-8.872387e-07	 1.903926e-08	 1.590372e-06	 4.378643e-07	 8.215995e-07	 5.492365e-07	 4.759421e-07	-2.960482e-06	-1.947143e-05	-1.803525e-07	 1.391111e-04	-1.340713e-06	-5.913948e-07	-1.728082e-07	-2.303494e-06	 4.772577e-07	 1.621310e-06	 4.199122e-06	 1.804640e-03	-8.010277e-05	-3.893616e-05	 1.742221e-03	-2.829753e-03	-4.576457e-03	-4.587496e-03	 1.187439e-04	-1.053334e-04	-1.891953e-05	-4.488524e-04	-1.043539e-03	 7.499909e-06	-4.828985e-07	 4.644040e-06	-4.862879e-06	-5.658332e-06	-3.452707e-06	-7.886047e-08	 2.363241e-08	 1.288159e-07	 2.636853e-06	-4.828954e-07	-5.162307e-05	-5.243233e-04	-5.294656e-04	-4.663415e-05	 1.095818e-04	-4.938065e-07	-5.063216e-07	-6.579710e-08	 9.023624e-06	-8.204469e-06	
-1.037915e-08	 6.087582e-07	-6.402066e-06	-6.235450e-07	-3.187577e-06	-1.050201e-06	-3.996044e-04	-7.960271e-06	 7.584946e-06	 2.066167e-06	 2.712955e-08	-2.902359e-06	-1.868450e-06	 2.376370e-06	-8.684632e-07	 1.837392e-06	 1.643647e-06	 1.100874e-06	-7.335671e-06	-1.340713e-06	 4.017312e-04	-1.316476e-06	-1.437035e-06	 1.027354e-06	-2.256616e-06	-4.257598e-08	 2.375233e-06	-1.287643e-03	-5.995800e-05	 3.232610e-04	-1.769881e-03	 2.637805e-03	 3.888345e-03	 6.518027e-03	-8.703436e-04	-4.277970e-04	-2.743957e-06	-8.656799e-04	-1.625396e-03	 2.720921e-06	 5.083684e-06	 2.448784e-07	 2.714763e-05	-5.134283e-06	-5.900605e-05	-9.073604e-08	-3.123162e-07	-2.389439e-07	 2.369923e-06	 6.851324e-06	 3.965043e-05	 3.980200e-05	 4.114478e-05	 3.050163e-06	 2.974128e-05	 3.314205e-08	 3.933694e-08	 1.078449e-08	-7.975607e-06	-7.687085e-06	
-3.982237e-08	-2.380020e-07	-1.256558e-06	-4.136441e-06	-6.923444e-07	-2.509729e-06	 7.463494e-05	-2.437151e-06	-1.271751e-05	-5.607052e-07	-8.284936e-08	 3.203289e-07	-2.936038e-07	-1.169209e-07	 7.757559e-08	 1.767146e-08	-2.248138e-06	 5.053825e-06	-2.494186e-06	-5.913948e-07	-1.316476e-06	 1.990719e-05	 9.715813e-06	 9.969620e-06	 4.222457e-06	 3.004015e-06	 3.899105e-06	 5.860769e-04	 6.587753e-06	 1.316584e-04	-2.767449e-04	 4.419184e-04	 6.445687e-04	-4.813048e-04	-3.194813e-05	-8.044024e-05	-1.640764e-05	 2.699427e-04	 2.296177e-04	-1.650809e-06	 5.740954e-07	 8.534570e-07	-6.039979e-07	-1.087579e-05	-1.629689e-05	-3.805252e-08	 3.754100e-08	 6.222219e-07	-2.086550e-06	 5.073984e-07	 1.749391e-05	 1.619416e-04	 1.760706e-04	 1.338143e-05	 2.204762e-05	 1.459326e-07	 1.791649e-07	 5.262817e-08	-2.437554e-06	 1.273327e-05	
-3.616045e-08	 1.417919e-08	 5.003232e-07	-2.034897e-06	 4.619227e-07	-1.606221e-06	 1.615397e-04	 1.475165e-06	-1.457837e-05	-3.753470e-07	-1.299392e-07	-6.668518e-07	 2.473195e-08	-1.626605e-07	 8.694793e-08	 5.696202e-07	-1.369344e-06	-4.056081e-06	-1.464856e-06	-1.728082e-07	-1.437035e-06	 9.715813e-06	 1.962198e-05	 9.761126e-06	 3.445518e-06	 4.166235e-06	 4.024693e-06	 3.682550e-04	-2.275466e-05	 6.207121e-05	-1.068853e-03	-3.719127e-04	-4.372053e-04	-5.055346e-04	-1.178645e-04	-1.269357e-04	 8.516367e-05	 1.703831e-04	 2.279941e-04	-1.991739e-06	 1.114176e-06	 6.432952e-06	 3.502370e-06	-3.508046e-06	-1.324413e-05	-6.273671e-08	 5.382448e-08	 6.449857e-07	-8.406319e-07	-4.883661e-07	-3.631626e-06	-5.733093e-06	 5.086560e-06	-1.453313e-06	 4.729848e-05	-1.087335e-08	 1.439628e-08	 3.424114e-08	 1.472226e-06	 1.460511e-05	
-5.110102e-08	 2.453531e-07	-5.775767e-07	-3.404788e-06	-1.089496e-06	-2.698371e-06	 5.852706e-05	 1.119106e-06	 2.081512e-05	-4.488545e-07	-1.034812e-07	-2.243776e-07	 3.383274e-07	-1.021016e-07	-2.766472e-08	 2.975125e-07	-1.832667e-06	-3.715565e-06	-1.726892e-06	-2.303494e-06	 1.027354e-06	 9.969620e-06	 9.761126e-06	 3.671190e-05	 3.367819e-06	 3.058781e-06	 3.623376e-06	 9.180089e-04	-5.828182e-06	-1.238080e-04	 3.175126e-03	 6.485382e-05	-6.089488e-04	-1.038221e-03	 2.686240e-04	 3.878134e-06	 3.077960e-05	 8.671006e-06	-2.999530e-04	 2.055646e-06	 2.078433e-06	-3.208030e-06	 3.168086e-06	-3.080683e-06	-9.062060e-06	-7.882111e-08	 3.248370e-08	 7.840951e-07	-1.173279e-06	 8.922707e-07	 1.153983e-07	-5.453405e-05	-4.048082e-05	-5.197921e-06	 8.406244e-05	-5.992499e-08	-2.603436e-08	-4.661951e-08	 1.120937e-06	-2.079717e-05	
 4.143130e-08	-1.694356e-08	 1.571584e-06	 1.167527e-05	 2.329075e-06	 3.208594e-06	 2.448667e-04	 2.753942e-06	-4.436305e-05	-2.057528e-06	 1.733742e-07	 1.238726e-06	-2.583064e-07	-4.089954e-07	-1.259516e-07	 2.498390e-07	 1.212775e-07	-1.002900e-06	-3.216414e-07	 4.772577e-07	-2.256616e-06	 4.222457e-06	 3.445518e-06	 3.367819e-06	 1.500237e-05	 6.138805e-06	 6.986086e-06	-4.008176e-04	 1.630154e-05	-2.421618e-04	-5.548315e-05	-1.649122e-03	-1.149378e-03	 3.277180e-04	 8.225209e-05	 6.420077e-05	-8.048186e-05	-2.860881e-04	 2.464734e-04	 6.001627e-08	-1.996511e-07	 2.091318e-06	-2.181961e-06	-3.287796e-06	 2.999897e-08	-3.140331e-09	-1.041295e-09	 2.500160e-06	 4.866163e-06	-1.360466e-06	-1.404582e-05	-7.162518e-05	-8.460906e-05	-5.682983e-06	-5.039822e-05	-5.972092e-08	-9.151098e-08	-4.782090e-09	 2.757610e-06	 4.438225e-05	
 4.093962e-08	 4.941371e-07	 3.227531e-06	 1.189817e-05	 2.852209e-06	 2.748913e-06	 2.197298e-04	 7.582516e-06	-4.403865e-05	-2.021081e-06	 1.959274e-07	 5.201314e-07	 1.307905e-07	-4.140384e-07	-3.127863e-08	 2.690083e-07	 1.888406e-07	 4.421986e-06	 4.334599e-07	 1.621310e-06	-4.257598e-08	 3.004015e-06	 4.166235e-06	 3.058781e-06	 6.138805e-06	 1.176445e-05	 6.238242e-06	-4.605136e-04	 1.275801e-05	-1.901556e-04	-7.255158e-04	-2.048096e-03	-1.419108e-03	 2.538235e-04	-3.743542e-05	-3.682772e-05	-9.714789e-05	-3.826659e-04	 1.092500e-05	 8.853497e-07	 7.906272e-08	 2.248524e-06	-7.703993e-08	 1.427188e-06	-2.512827e-06	-3.686976e-08	-4.703859e-08	 2.621842e-06	 5.730154e-06	-1.753003e-06	-4.062413e-05	-3.338017e-04	-3.511736e-04	-2.894453e-05	 5.249447e-06	-3.067569e-07	-3.482116e-07	-4.302481e-08	 7.584240e-06	 4.407336e-05	
 2.019109e-08	 1.232308e-06	 5.260703e-06	 1.252277e-05	 3.239145e-06	 2.986358e-06	 5.198231e-04	 1.450544e-05	-2.776394e-05	-1.152636e-06	 2.205148e-07	 1.599922e-06	-1.057378e-07	 2.785358e-07	 1.615660e-07	-2.843687e-07	-1.047088e-06	 1.651281e-05	 1.585788e-06	 4.199122e-06	 2.375233e-06	 3.899105e-06	 4.024693e-06	 3.623376e-06	 6.986086e-06	 6.238242e-06	 6.419621e-05	-1.260124e-03	 1.551817e-05	-2.809261e-04	 2.203016e-04	-1.257598e-03	-1.018983e-03	 1.285190e-03	-1.386510e-04	-4.023443e-04	-9.046940e-05	-1.669760e-04	 7.796423e-04	-2.517626e-06	 1.528343e-06	-3.360794e-06	 2.239363e-06	 2.367484e-06	-2.684401e-05	-7.088945e-08	-8.964131e-08	 1.926617e-06	 7.115192e-06	-2.090323e-06	-7.679687e-05	-7.013617e-04	-7.180950e-04	-6.169685e-05	 9.633463e-05	-6.547010e-07	-6.951726e-07	-9.737266e-08	 1.450517e-05	 2.777037e-05	
-2.574610e-05	-1.908352e-03	-4.983616e-03	-7.086940e-03	-3.399563e-03	-2.228950e-03	-1.369644e-01	-1.574775e-02	-4.695938e-02	-1.043246e-03	-1.012815e-06	-1.281689e-07	-7.687236e-04	 3.962544e-04	-1.958219e-04	-2.842233e-04	 4.942278e-04	-6.271076e-03	 3.736632e-04	 1.804640e-03	-1.287643e-03	 5.860769e-04	 3.682550e-04	 9.180089e-04	-4.008176e-04	-4.605136e-04	-1.260124e-03	 6.075459e+01	-3.701906e-01	-1.100576e+00	 3.675064e+01	-5.174689e-01	-2.528357e+01	-9.523845e+01	 2.320065e-01	 1.350326e-01	 5.204847e-01	-5.961136e+00	-3.993841e+01	-1.316408e-03	 1.993168e-03	-8.977260e-03	 2.523755e-03	-7.201762e-03	-3.609245e-02	-3.129636e-04	 9.344470e-04	 1.310298e-03	-6.628843e-03	 2.790825e-04	 8.983656e-02	 9.466119e-01	 9.725431e-01	 8.350796e-02	-1.702271e-01	 8.883638e-04	 9.461446e-04	 1.503526e-04	-1.574436e-02	 4.696434e-02	
-3.927186e-07	 1.174807e-05	 9.659135e-06	 1.406118e-04	 2.234777e-05	 4.888956e-05	-2.763711e-03	 5.967079e-05	 1.070105e-03	-3.845158e-06	 7.500743e-07	 9.193919e-05	 1.108443e-05	-2.675168e-05	 4.327710e-06	 2.059008e-05	-1.086131e-05	-1.518702e-04	 1.434361e-05	-8.010277e-05	-5.995800e-05	 6.587753e-06	-2.275466e-05	-5.828182e-06	 1.630154e-05	 1.275801e-05	 1.551817e-05	-3.701906e-01	 7.744710e-02	-3.071370e-02	-6.205508e-01	 1.060791e+00	 1.861400e+00	 7.715756e-01	 2.154120e-02	 7.281130e-03	 4.805364e-03	 9.932243e-02	 1.160234e-01	-4.055502e-04	-1.702777e-04	 3.444483e-04	-7.298091e-05	 5.333159e-04	 1.260033e-03	 3.684055e-06	-3.616698e-06	-8.401984e-06	 8.961904e-05	 1.506567e-05	-3.767008e-04	-5.022219e-03	-5.007711e-03	-4.459841e-04	 1.839073e-03	-4.824719e-06	-4.738868e-06	-1.460979e-06	 5.971984e-05	-1.073157e-03	
 5.986840e-06	 5.930998e-04	 1.692181e-03	 1.113789e-03	 7.300735e-04	 2.646678e-04	 4.309679e-02	 5.038986e-03	 3.368941e-03	 3.257121e-04	 5.901040e-06	 1.050603e-04	-1.515170e-04	 4.247204e-05	-7.184402e-05	 2.014783e-04	 1.959294e-04	 1.545158e-03	 2.669304e-04	-3.893616e-05	 3.232610e-04	 1.316584e-04	 6.207121e-05	-1.238080e-04	-2.421618e-04	-1.901556e-04	-2.809261e-04	-1.100576e+00	-3.071370e-02	 3.949075e+00	-2.996749e+01	-2.281455e+00	 1.024869e+01	 7.435524e+00	-2.491306e+00	-2.954412e-01	 1.319628e-01	 2.373006e+00	 2.790174e+00	 2.986277e-04	 5.470687e-04	-4.076681e-03	 1.456438e-03	-1.692064e-03	-7.184325e-04	 1.222707e-04	-6.620665e-05	-2.012063e-04	 1.490927e-03	-2.291385e-04	-2.914111e-02	-2.962295e-01	-3.035407e-01	-2.637049e-02	 5.231281e-02	-2.778668e-04	-2.945387e-04	-2.586836e-05	 5.035999e-03	-3.363936e-03	
-2.749209e-04	-7.558395e-03	-3.880786e-02	-5.177626e-02	-3.375544e-02	-2.529789e-02	-8.658796e-01	-8.513287e-02	-3.349831e-02	-4.015502e-03	 3.256926e-05	 1.676571e-03	-1.452986e-03	-1.989278e-03	 3.123202e-03	-2.867652e-03	-4.215034e-03	-5.763786e-03	-1.767428e-03	 1.742221e-03	-1.769881e-03	-2.767449e-04	-1.068853e-03	 3.175126e-03	-5.548315e-05	-7.255158e-04	 2.203016e-04	 3.675064e+01	-6.205508e-01	-2.996749e+01	 8.042111e+02	 9.350190e+01	-3.775179e+01	-4.408962e+01	 1.055383e+01	-6.483164e+00	 3.800462e+00	-1.126461e+01	-1.904245e+01	 1.648772e-03	-2.589357e-03	-1.823579e-02	 2.319219e-02	-1.683058e-02	-1.344798e-02	 3.597007e-03	 9.701073e-04	 7.766367e-03	-3.721476e-02	 1.745326e-02	 5.171862e-01	 4.518632e+00	 4.674333e+00	 3.979332e-01	-5.448504e-01	 4.207900e-03	 4.568168e-03	 5.167998e-04	-8.507758e-02	 3.344077e-02	
-4.667639e-04	-1.197242e-02	-5.665636e-02	-4.218256e-02	-3.551239e-02	-1.450832e-02	-1.485063e+00	-1.356624e-01	-2.567197e-02	 3.298727e-05	 5.795979e-05	 3.021844e-03	 6.877670e-05	-1.206323e-04	 1.050395e-03	-1.660724e-03	 3.568864e-04	 3.821067e-03	 1.131284e-03	-2.829753e-03	 2.637805e-03	 4.419184e-04	-3.719127e-04	 6.485382e-05	-1.649122e-03	-2.048096e-03	-1.257598e-03	-5.174689e-01	 1.060791e+00	-2.281455e+00	 9.350190e+01	 1.054740e+02	 9.041997e+01	 6.261312e+01	-7.066204e+00	-1.708875e-02	-1.993719e+00	 2.883805e+00	 4.235345e+00	-1.139416e-02	 8.742067e-04	 5.107726e-03	 9.548079e-03	-3.614653e-03	-1.362526e-02	 1.272394e-05	-1.068550e-04	 3.147913e-03	-3.711167e-02	 2.391515e-02	 7.866699e-01	 7.029043e+00	 7.289142e+00	 6.179243e-01	-7.871433e-01	 6.539485e-03	 7.142518e-03	 8.415623e-04	-1.356397e-01	 2.556045e-02	
-4.366320e-04	-8.584548e-03	-4.595767e-02	-3.145394e-02	-2.955516e-02	-1.180459e-02	-1.260457e+00	-1.053554e-01	 4.027117e-02	 6.164005e-04	 1.212320e-04	 4.696475e-03	-4.760657e-04	-2.475921e-04	 7.166949e-04	-4.724685e-04	 5.432305e-04	 4.806406e-03	 2.354868e-03	-4.576457e-03	 3.888345e-03	 6.445687e-04	-4.372053e-04	-6.089488e-04	-1.149378e-03	-1.419108e-03	-1.018983e-03	-2.528357e+01	 1.861400e+00	 1.024869e+01	-3.775179e+01	 9.041997e+01	 1.587131e+02	 1.367642e+02	-1.458520e+01	-6.767443e-01	-1.452272e+00	 3.363263e+00	 9.441359e+00	-1.228635e-02	-6.543741e-05	 1.463514e-04	 7.295381e-03	-3.500758e-03	-1.579612e-03	 5.219575e-04	-8.570901e-04	 2.027310e-03	-2.663991e-02	 2.173747e-02	 6.115879e-01	 5.284470e+00	 5.502329e+00	 4.631692e-01	-4.554583e-01	 4.900213e-03	 5.409179e-03	 6.195704e-04	-1.053440e-01	-4.039872e-02	
-4.049549e-04	-7.262072e-03	-4.161396e-02	-2.523701e-02	-2.644398e-02	-1.057271e-02	-1.005680e+00	-9.265112e-02	 7.313336e-02	 4.308215e-04	 1.140316e-04	 2.627289e-03	 1.042892e-04	-3.102738e-04	 8.513166e-04	-2.879358e-04	 2.083910e-05	 1.795906e-02	 1.252766e-03	-4.587496e-03	 6.518027e-03	-4.813048e-04	-5.055346e-04	-1.038221e-03	 3.277180e-04	 2.538235e-04	 1.285190e-03	-9.523845e+01	 7.715756e-01	 7.435524e+00	-4.408962e+01	 6.261312e+01	 1.367642e+02	 2.499790e+02	-1.200553e+01	-6.144402e-01	-1.817930e+00	 4.039452e+00	 4.650467e+01	-7.525273e-03	-3.478128e-03	 1.528107e-04	 7.026937e-06	-2.099698e-03	 1.996734e-02	 6.473121e-04	-2.170276e-03	 1.677587e-03	-2.164315e-02	 2.079137e-02	 5.411133e-01	 4.586010e+00	 4.780710e+00	 4.015405e-01	-3.429334e-01	 4.246200e-03	 4.703473e-03	 5.219893e-04	-9.263990e-02	-7.324773e-02	
 7.161038e-06	-3.798152e-04	-7.690949e-04	-2.380638e-03	-7.158051e-04	-8.238114e-04	-3.195261e-02	-2.857906e-03	-8.311433e-03	-7.617595e-05	-9.639585e-06	-6.815904e-04	 2.903101e-04	-8.198329e-05	-2.662795e-05	 1.894263e-04	-6.574412e-04	-6.134537e-04	-9.899831e-04	 1.187439e-04	-8.703436e-04	-3.194813e-05	-1.178645e-04	 2.686240e-04	 8.225209e-05	-3.743542e-05	-1.386510e-04	 2.320065e-01	 2.154120e-02	-2.491306e+00	 1.055383e+01	-7.066204e+00	-1.458520e+01	-1.200553e+01	 5.135391e+00	 1.606532e-01	-7.824330e-02	-1.596328e+00	-1.687597e+00	 7.280552e-04	-1.497098e-03	 3.828299e-04	-4.336743e-03	 2.621604e-03	 4.236448e-03	-9.289586e-05	 3.450425e-05	 2.664043e-04	-1.830443e-03	-1.225607e-04	 1.567685e-02	 1.739908e-01	 1.750596e-01	 1.563231e-02	-4.716484e-02	 1.651724e-04	 1.670477e-04	 1.880780e-05	-2.854978e-03	 8.308454e-03	
-5.186183e-06	-2.454874e-04	-5.412835e-04	-5.302021e-04	 1.780768e-04	-9.504537e-06	 1.177156e-02	-1.920319e-03	 3.858788e-04	-3.933075e-05	 3.682288e-06	 2.888605e-04	-1.647566e-05	 7.189176e-05	-6.846275e-05	 9.635268e-05	-1.372083e-04	-1.251606e-03	-3.586205e-04	-1.053334e-04	-4.277970e-04	-8.044024e-05	-1.269357e-04	 3.878134e-06	 6.420077e-05	-3.682772e-05	-4.023443e-04	 1.350326e-01	 7.281130e-03	-2.954412e-01	-6.483164e+00	-1.708875e-02	-6.767443e-01	-6.144402e-01	 1.606532e-01	 3.330357e+00	 5.031799e-01	 6.085284e-02	-1.930290e-02	-2.131799e-03	 5.997714e-05	 3.199676e-03	 7.128392e-04	-2.469312e-03	-8.382972e-03	 1.345650e-04	-1.004293e-05	 1.099929e-04	-5.509070e-04	-4.714149e-05	 1.109841e-02	 1.191822e-01	 1.231795e-01	 1.066805e-02	-2.096980e-02	 1.118195e-04	 1.205572e-04	 5.430844e-06	-1.921984e-03	-4.008052e-04	
 1.553848e-06	-1.951403e-04	-7.039671e-05	-1.410687e-03	 1.443197e-04	-3.714825e-04	 2.229302e-02	-9.456209e-04	-8.241333e-03	 1.245710e-04	 3.455585e-06	 4.378070e-04	-8.689984e-05	-4.729478e-05	 4.719066e-05	 2.423373e-05	-4.165778e-04	-2.809912e-03	-8.323985e-04	-1.891953e-05	-2.743957e-06	-1.640764e-05	 8.516367e-05	 3.077960e-05	-8.048186e-05	-9.714789e-05	-9.046940e-05	 5.204847e-01	 4.805364e-03	 1.319628e-01	 3.800462e+00	-1.993719e+00	-1.452272e+00	-1.817930e+00	-7.824330e-02	 5.031799e-01	 3.157360e+00	 2.663540e+00	 2.746034e+00	-1.460721e-03	-8.138325e-04	-1.830853e-03	 1.338201e-03	-4.001672e-04	 2.766461e-04	-2.130168e-04	-2.050908e-05	 1.569503e-04	-9.345319e-04	-3.445832e-04	 5.417527e-03	 7.946033e-02	 8.064675e-02	 6.913676e-03	-2.034897e-02	 7.528172e-05	 7.765076e-05	 2.616662e-05	-9.449002e-04	 8.235548e-03	
-7.224829e-06	 1.210034e-04	 1.850713e-04	-1.257811e-03	-1.625377e-05	-4.247587e-04	-3.601131e-04	 9.515304e-04	-6.016747e-03	 5.013171e-04	-5.192651e-06	 2.057115e-04	 4.488185e-06	-1.750858e-04	 8.608016e-05	-2.222308e-05	-6.588817e-04	-4.326008e-05	-3.799755e-04	-4.488524e-04	-8.656799e-04	 2.699427e-04	 1.703831e-04	 8.671006e-06	-2.860881e-04	-3.826659e-04	-1.669760e-04	-5.961136e+00	 9.932243e-02	 2.373006e+00	-1.126461e+01	 2.883805e+00	 3.363263e+00	 4.039452e+00	-1.596328e+00	 6.085284e-02	 2.663540e+00	 1.083564e+01	 1.948262e+01	-2.422486e-03	-8.236272e-04	-4.048910e-03	 3.595347e-03	-1.835515e-03	 7.987439e-03	-2.642391e-05	 4.385167e-04	-2.379711e-05	-2.810315e-04	 5.253451e-05	-4.494447e-03	-4.958502e-02	-4.804550e-02	-4.600726e-03	 1.660308e-02	-4.744905e-05	-4.414568e-05	 3.866173e-06	 9.497911e-04	 6.013914e-03	
-3.500433e-06	 1.032332e-03	 1.869120e-03	 1.484061e-03	 1.203007e-03	-1.530270e-04	 2.001963e-02	 7.880574e-03	 2.858724e-03	 1.085809e-03	-2.751612e-05	-2.668955e-05	 4.767950e-04	-6.173218e-04	 2.734138e-04	-5.522548e-05	-1.671379e-03	 3.792306e-03	-6.427080e-04	-1.043539e-03	-1.625396e-03	 2.296177e-04	 2.279941e-04	-2.999530e-04	 2.464734e-04	 1.092500e-05	 7.796423e-04	-3.993841e+01	 1.160234e-01	 2.790174e+00	-1.904245e+01	 4.235345e+00	 9.441359e+00	 4.650467e+01	-1.687597e+00	-1.930290e-02	 2.746034e+00	 1.948262e+01	 5.672152e+01	 7.427047e-04	-4.363914e-04	-1.034679e-04	 6.597254e-03	-2.194745e-03	 1.474815e-02	 1.268135e-04	 9.116582e-04	 5.679823e-05	 2.624648e-03	 5.015809e-04	-4.110234e-02	-4.710832e-01	-4.788132e-01	-4.154661e-02	 1.006478e-01	-4.439856e-04	-4.613599e-04	-9.062150e-05	 7.876664e-03	-2.847700e-03	
 1.404954e-07	 4.030743e-06	 1.451394e-05	 1.318544e-05	 9.856430e-06	 5.354415e-06	 8.786448e-05	 3.955130e-05	 7.615412e-05	-2.075441e-06	-2.155027e-07	 6.151338e-07	-2.924519e-06	 2.353516e-06	-1.877371e-07	-3.728977e-06	 1.205315e-05	-4.325113e-05	-5.522711e-06	 7.499909e-06	 2.720921e-06	-1.650809e-06	-1.991739e-06	 2.055646e-06	 6.001627e-08	 8.853497e-07	-2.517626e-06	-1.316408e-03	-4.055502e-04	 2.986277e-04	 1.648772e-03	-1.139416e-02	-1.228635e-02	-7.525273e-03	 7.280552e-04	-2.131799e-03	-1.460721e-03	-2.422486e-03	 7.427047e-04	 1.468100e-03	 2.745328e-04	 8.000246e-05	-3.365880e-04	-5.111864e-05	 4.491167e-05	 2.162440e-07	 3.973204e-07	-1.875149e-06	 1.265385e-05	-3.568345e-06	-2.212322e-04	-2.187667e-03	-2.261450e-03	-1.887888e-04	 1.899866e-04	-2.029165e-06	-2.207398e-06	-5.080612e-07	 3.954566e-05	-7.619503e-05	
 2.785648e-08	-9.809700e-07	 2.572295e-07	-1.994670e-06	 1.857816e-06	-4.458900e-07	 2.631068e-04	-5.219744e-06	-3.067491e-05	-1.116888e-06	-2.328474e-07	 1.096867e-06	-7.030733e-07	 3.643901e-06	-1.259502e-06	-1.002108e-06	 4.236595e-06	-3.416074e-05	 9.054608e-06	-4.828985e-07	 5.083684e-06	 5.740954e-07	 1.114176e-06	 2.078433e-06	-1.996511e-07	 7.906272e-08	 1.528343e-06	 1.993168e-03	-1.702777e-04	 5.470687e-04	-2.589357e-03	 8.742067e-04	-6.543741e-05	-3.478128e-03	-1.497098e-03	 5.997714e-05	-8.138325e-04	-8.236272e-04	-4.363914e-04	 2.745328e-04	 8.725258e-04	 2.279688e-05	 7.506353e-04	 1.036040e-04	-6.280501e-04	 3.210411e-07	 1.205743e-07	 1.419057e-07	-2.622153e-06	-2.200086e-06	 2.384600e-05	 3.877517e-04	 3.872714e-04	 3.451053e-05	-1.324249e-04	 3.716107e-07	 3.673017e-07	 9.493122e-08	-5.206701e-06	 3.048917e-05	
 6.154035e-07	 9.767616e-06	 4.556230e-05	 3.143768e-05	 2.693507e-05	 1.073661e-05	-5.881674e-04	 9.722380e-05	-1.569762e-04	 6.087904e-06	-1.790235e-07	 3.888123e-06	-7.502536e-06	-9.647961e-06	 8.346966e-06	 5.227858e-06	 1.065403e-05	-1.275019e-04	 3.795577e-05	 4.644040e-06	 2.448784e-07	 8.534570e-07	 6.432952e-06	-3.208030e-06	 2.091318e-06	 2.248524e-06	-3.360794e-06	-8.977260e-03	 3.444483e-04	-4.076681e-03	-1.823579e-02	 5.107726e-03	 1.463514e-04	 1.528107e-04	 3.828299e-04	 3.199676e-03	-1.830853e-03	-4.048910e-03	-1.034679e-04	 8.000246e-05	 2.279688e-05	 7.299048e-03	-3.865902e-04	 8.775114e-04	 4.757955e-03	-1.648693e-07	-4.950473e-07	-3.516336e-06	 3.016074e-05	-1.862068e-05	-6.268902e-04	-5.561584e-03	-5.841504e-03	-4.921833e-04	 2.971601e-04	-5.133122e-06	-5.788013e-06	-7.264271e-08	 9.722067e-05	 1.570540e-04	
-2.831284e-07	 4.738245e-06	 1.694909e-05	-1.755855e-05	 8.408973e-06	-1.325429e-05	 1.791616e-03	 5.447923e-05	-1.100398e-04	-6.241909e-06	-7.056180e-08	-3.200297e-06	 8.330200e-07	 4.652464e-06	-1.771025e-06	-1.920656e-06	-6.963107e-06	 1.180127e-05	 1.925238e-05	-4.862879e-06	 2.714763e-05	-6.039979e-07	 3.502370e-06	 3.168086e-06	-2.181961e-06	-7.703993e-08	 2.239363e-06	 2.523755e-03	-7.298091e-05	 1.456438e-03	 2.319219e-02	 9.548079e-03	 7.295381e-03	 7.026937e-06	-4.336743e-03	 7.128392e-04	 1.338201e-03	 3.595347e-03	 6.597254e-03	-3.365880e-04	 7.506353e-04	-3.865902e-04	 2.892405e-03	 4.942924e-04	-7.645520e-04	 4.276662e-07	 5.342193e-08	 7.139276e-07	 2.108051e-07	-5.683901e-06	-2.514292e-04	-2.316023e-03	-2.265854e-03	-2.129608e-04	 7.801333e-04	-2.216342e-06	-2.101896e-06	 7.916374e-09	 5.445723e-05	 1.100340e-04	
-6.538672e-07	 5.771593e-06	-7.078174e-07	-1.668596e-05	-1.125989e-06	-1.217827e-05	-1.705490e-03	 2.626059e-05	 3.119278e-04	 4.911152e-07	 1.617043e-07	-9.669358e-06	-4.746091e-06	-2.904021e-07	-1.884297e-07	-7.541109e-07	-1.940108e-05	-1.954254e-05	-8.115063e-06	-5.658332e-06	-5.134283e-06	-1.087579e-05	-3.508046e-06	-3.080683e-06	-3.287796e-06	 1.427188e-06	 2.367484e-06	-7.201762e-03	 5.333159e-04	-1.692064e-03	-1.683058e-02	-3.614653e-03	-3.500758e-03	-2.099698e-03	 2.621604e-03	-2.469312e-03	-4.001672e-04	-1.835515e-03	-2.194745e-03	-5.111864e-05	 1.036040e-04	 8.775114e-04	 4.942924e-04	 6.300349e-03	 7.715313e-03	-1.134234e-06	-7.134257e-08	-1.252194e-06	 6.607027e-06	 1.158726e-05	-1.086826e-04	-1.829049e-03	-1.664895e-03	-1.710903e-04	 1.234678e-03	-1.823141e-06	-1.433749e-06	-3.312222e-07	 2.624522e-05	-3.116245e-04	
-1.867242e-06	 4.014485e-05	 3.280466e-05	 2.151370e-05	 9.919984e-07	-1.489763e-05	-6.426658e-03	 2.359971e-04	 7.894757e-04	 2.453389e-05	-6.504877e-07	-1.152878e-05	 6.932901e-06	-7.518457e-06	 1.115778e-05	 1.375937e-05	 4.311456e-05	 1.500860e-04	 1.467419e-05	-3.452707e-06	-5.900605e-05	-1.629689e-05	-1.324413e-05	-9.062060e-06	 2.999897e-08	-2.512827e-06	-2.684401e-05	-3.609245e-02	 1.260033e-03	-7.184325e-04	-1.344798e-02	-1.362526e-02	-1.579612e-03	 1.996734e-02	 4.236448e-03	-8.382972e-03	 2.766461e-04	 7.987439e-03	 1.474815e-02	 4.491167e-05	-6.280501e-04	 4.757955e-03	-7.645520e-04	 7.715313e-03	 7.129194e-02	-1.875427e-06	-1.745781e-06	-6.878114e-06	 8.727220e-05	 5.224467e-05	-1.180625e-03	-1.557048e-02	-1.533966e-02	-1.413701e-03	 5.976207e-03	-1.498153e-05	-1.436969e-05	-2.114748e-06	 2.359341e-04	-7.918775e-04	
 2.409491e-09	 1.518909e-07	 3.795341e-07	 3.865679e-07	 5.175440e-08	 3.897709e-08	 1.354184e-05	 1.315939e-06	 3.543305e-06	-1.244976e-08	 1.228766e-09	-8.562322e-08	 6.875466e-08	-1.960874e-08	 1.796195e-08	 6.766237e-08	 5.462429e-08	 3.265635e-07	-1.759470e-07	-7.886047e-08	-9.073604e-08	-3.805252e-08	-6.273671e-08	-7.882111e-08	-3.140331e-09	-3.686976e-08	-7.088945e-08	-3.129636e-04	 3.684055e-06	 1.222707e-04	 3.597007e-03	 1.272394e-05	 5.219575e-04	 6.473121e-04	-9.289586e-05	 1.345650e-04	-2.130168e-04	-2.642391e-05	 1.268135e-04	 2.162440e-07	 3.210411e-07	-1.648693e-07	 4.276662e-07	-1.134234e-06	-1.875427e-06	 3.760176e-07	 5.540955e-09	-5.260278e-08	 3.695553e-07	-1.600949e-08	-7.058156e-06	-7.488677e-05	-7.702140e-05	-6.589027e-06	 1.269591e-05	-7.018556e-08	-7.498875e-08	-1.257585e-08	 1.315784e-06	-3.544686e-06	
