#          omega_b,        omega_cdm,                h,     ln10^{10}A_s,              n_s,         tau_reio, scf_parameters__1,       f_axion_ac,   log10_axion_ac,              yp2,            Kappa, Dl_Poisson_90x90, Dl_Poisson_90x150, Dl_Poisson_90x220, Dl_Poisson_150x150, Dl_Poisson_150x220, Dl_Poisson_220x220,     ADust_TE_150,     AlphaDust_TE,     ADust_EE_150,     AlphaDust_EE,        MapTcal90,       MapTcal150,       MapTcal220,        MapPcal90,       MapPcal150,       MapPcal220,        A_cib_217,        xi_sz_cib,             A_sz,     ps_A_100_100,     ps_A_143_143,     ps_A_143_217,     ps_A_217_217,         ksz_norm,     gal545_A_100,     gal545_A_143, gal545_A_143_217,     gal545_A_217,    galf_TE_A_100, galf_TE_A_100_143, galf_TE_A_100_217,    galf_TE_A_143, galf_TE_A_143_217,    galf_TE_A_217,       calib_100T,       calib_217T,         A_planck,           sigma8,          Omega_m,              age,           rs_rec,             rs_d,           da_rec,            z_rec,           ds_rec,             ds_d,      100*theta_s,            f_ede,        log10_z_c
 2.562390e-08	 4.116158e-08	 8.382023e-07	 1.064587e-06	 6.931578e-07	 6.596917e-07	 2.846651e-06	 1.260357e-06	-4.501266e-06	 8.970791e-08	-3.377867e-09	 1.534898e-07	 2.020648e-08	 4.365379e-08	-2.309316e-08	 1.044152e-08	-4.795303e-08	 4.660776e-08	 8.117864e-08	-1.367027e-08	 2.074473e-09	-3.446393e-08	-7.030883e-08	 1.047021e-08	-5.752853e-08	-4.284200e-08	 4.945490e-08	 2.738517e-05	 1.615011e-06	-1.720551e-05	-3.889091e-04	-3.674123e-04	-4.128092e-04	-4.880675e-04	 1.353678e-05	 1.834788e-05	-8.370025e-06	-2.888005e-05	-7.482431e-05	 3.844669e-07	 1.681704e-08	-7.314224e-07	-6.248614e-07	-1.803880e-08	-1.312928e-06	 3.289337e-09	-2.974669e-09	-9.477395e-08	 4.797894e-07	-5.985787e-07	-8.799431e-06	-5.963429e-05	-6.811943e-05	-4.910944e-06	-2.241618e-05	-5.206696e-08	-7.201927e-08	-7.383210e-09	 1.260617e-06	 4.496006e-06	
 4.116158e-08	 1.414370e-05	 4.337078e-05	 1.030451e-05	 1.864516e-05	-6.760623e-06	 6.228721e-04	 1.288635e-04	-8.032334e-05	-4.436825e-07	 1.392502e-07	-5.773776e-07	 4.008021e-07	 1.922531e-07	-8.083974e-07	-1.335201e-06	 1.656860e-06	 1.017547e-05	-2.967530e-06	 2.649375e-06	 6.529190e-06	 1.354335e-06	 7.838051e-07	 8.864009e-07	 1.003297e-06	 4.808512e-07	-1.354964e-06	-2.253478e-04	-4.372001e-05	 2.902207e-04	-4.788960e-03	-1.184348e-02	-1.089632e-02	-9.011375e-03	 7.345564e-05	-4.413442e-04	-1.594138e-05	-1.309324e-04	 1.539405e-06	 3.618724e-06	-2.920286e-06	-1.382387e-05	 1.285519e-06	-1.048628e-05	-8.912443e-06	 4.864879e-08	-7.948042e-08	 2.907790e-07	 2.763459e-05	-8.794632e-06	-7.129098e-04	-7.054811e-03	-7.191410e-03	-6.302264e-04	 1.358360e-03	-6.629423e-06	-6.942104e-06	-5.338201e-07	 1.288685e-04	 8.050750e-05	
 8.382023e-07	 4.337078e-05	 2.270723e-04	 8.458473e-05	 9.876054e-05	 1.318758e-05	 2.361921e-03	 5.159424e-04	-2.142561e-04	 8.293079e-07	 3.638352e-07	 1.445759e-06	 1.620694e-06	-1.340297e-07	-4.407742e-06	-5.963126e-06	 7.667254e-06	 9.366033e-06	-1.007152e-05	 4.868796e-06	 2.256812e-05	 4.018222e-06	 2.490474e-06	 7.635043e-06	 1.851222e-06	 8.617701e-07	 5.683551e-07	-1.711916e-03	 9.858785e-05	 9.769256e-04	-3.794558e-02	-5.984235e-02	-5.318970e-02	-5.029684e-02	-7.407774e-05	 2.420038e-04	-9.832092e-04	-1.812791e-03	-2.853813e-03	 1.304869e-05	-1.396958e-05	-1.304357e-05	-3.337346e-05	-2.519300e-05	 4.909700e-05	 3.559260e-07	-9.280119e-08	-2.860676e-06	 9.281784e-05	-1.064607e-04	-2.991178e-03	-2.571389e-02	-2.638242e-02	-2.283727e-03	 3.903473e-03	-2.404030e-05	-2.559899e-05	-2.076070e-06	 5.159709e-04	 2.150756e-04	
 1.064587e-06	 1.030451e-05	 8.458473e-05	 2.015521e-04	 3.658059e-05	 9.244547e-05	 2.055807e-03	 1.679254e-04	-4.070941e-04	 3.445969e-07	 3.631090e-08	 6.543314e-06	 2.789900e-06	 7.427386e-07	-3.789790e-06	 3.931589e-06	 8.407460e-06	 1.385989e-05	 8.598532e-06	 1.069189e-06	 1.292527e-05	-3.308742e-06	-3.729442e-06	 1.530024e-06	 2.020312e-07	 2.312810e-06	 9.047795e-06	-4.493917e-04	 6.457026e-05	 9.057268e-04	-2.352389e-02	-2.041471e-02	-1.056619e-02	-1.062182e-02	-7.659865e-04	 2.792687e-04	-2.830191e-05	-1.911264e-03	-3.401656e-03	 2.452077e-05	 1.235611e-05	-3.165150e-05	-7.185335e-06	-1.502989e-05	-1.588301e-04	 3.211402e-07	-1.807059e-07	 1.592993e-07	 9.166057e-05	-4.982957e-05	-1.003732e-03	-7.845315e-03	-8.268523e-03	-6.824093e-04	 2.759275e-05	-7.201092e-06	-8.200619e-06	-7.517535e-07	 1.679359e-04	 4.074617e-04	
 6.931578e-07	 1.864516e-05	 9.876054e-05	 3.658059e-05	 5.832617e-05	 1.011914e-05	 8.232540e-04	 2.245080e-04	-1.855845e-04	 1.724538e-06	 2.680762e-08	 1.327166e-06	 6.414770e-07	 8.739457e-07	-1.551026e-06	-2.294471e-06	 2.560867e-06	 3.833877e-06	-4.531972e-06	 2.832542e-06	 7.877376e-06	 1.824785e-06	 8.580524e-07	 3.266839e-06	 5.863985e-07	-2.906663e-07	-1.170112e-06	-4.738119e-04	 2.941776e-05	 3.131428e-04	-3.281883e-02	-3.514995e-02	-3.201017e-02	-3.198872e-02	-3.853424e-04	 5.683328e-04	-4.968925e-04	-1.320984e-03	-2.482630e-03	 9.807603e-06	-1.960188e-06	-3.039309e-05	-1.722707e-05	-2.183479e-05	-4.161866e-05	 2.181086e-08	-1.862853e-07	-3.657947e-06	 4.457018e-05	-4.627410e-05	-1.306862e-03	-1.125863e-02	-1.164577e-02	-9.933016e-04	 1.232325e-03	-1.047045e-05	-1.138032e-05	-1.015266e-06	 2.245242e-04	 1.856510e-04	
 6.596917e-07	-6.760623e-06	 1.318758e-05	 9.244547e-05	 1.011914e-05	 5.775393e-05	 4.008009e-04	-1.501581e-05	-1.429746e-04	 4.354869e-06	-1.598633e-07	 4.451658e-06	 1.237620e-06	-1.180819e-07	-9.588375e-07	 3.026696e-06	 2.719121e-06	-2.271483e-06	 5.595724e-06	-3.017160e-06	 1.803884e-06	-4.001280e-06	-3.782568e-06	-1.221126e-06	-3.856768e-06	-2.732904e-06	 2.165620e-06	 1.112847e-03	 7.058280e-05	 5.490586e-04	-1.569627e-02	-3.438327e-03	 8.445851e-04	-4.268001e-03	-5.147821e-04	 7.137328e-04	-1.229480e-04	-9.397523e-04	-3.387499e-03	 7.646940e-06	 1.183734e-05	-7.388265e-06	-5.166897e-06	 6.979614e-06	-1.017325e-04	 1.119494e-07	-7.172934e-08	-4.549941e-06	 2.297241e-05	-2.365788e-05	 3.132458e-05	 1.654127e-03	 1.506084e-03	 1.597273e-04	-1.291336e-03	 1.666946e-06	 1.307516e-06	 3.503812e-08	-1.501481e-05	 1.429515e-04	
 2.846651e-06	 6.228721e-04	 2.361921e-03	 2.055807e-03	 8.232540e-04	 4.008009e-04	 1.235810e-01	 6.734395e-03	-1.048706e-02	-7.513801e-05	 7.670618e-06	 1.424334e-04	 8.551190e-05	 7.459985e-06	-3.849470e-05	 7.098623e-05	 2.674826e-04	 1.599889e-04	-3.884459e-04	 1.573704e-04	 6.195181e-04	 1.026667e-05	 1.402367e-05	 3.931614e-05	 1.160450e-04	 1.143620e-04	 1.548090e-04	 1.692042e-02	 1.793687e-03	 7.427978e-03	-1.876158e-02	-5.394874e-01	-4.413370e-01	-4.667107e-01	 6.897176e-03	 1.024365e-02	 1.407157e-02	 3.535892e-02	 5.749923e-02	 6.975112e-04	 6.454169e-05	 1.363089e-04	-1.897714e-04	-4.711496e-04	 6.160486e-03	-7.269998e-07	-1.303794e-06	 8.471285e-05	 1.691335e-03	-7.682756e-04	-3.582757e-02	-3.368000e-01	-3.435724e-01	-3.002982e-02	 6.347158e-02	-3.164347e-04	-3.318646e-04	-2.941196e-05	 6.734353e-03	 1.051293e-02	
 1.260357e-06	 1.288635e-04	 5.159424e-04	 1.679254e-04	 2.245080e-04	-1.501581e-05	 6.734395e-03	 1.335819e-03	-7.824331e-04	-1.507674e-06	 1.070879e-06	-1.088859e-06	 4.043597e-06	 6.395770e-07	-9.571176e-06	-1.343912e-05	 1.944956e-05	 6.285498e-05	-3.196905e-05	 1.979932e-05	 6.615759e-05	 1.183690e-05	 6.980833e-06	 1.360328e-05	 7.721546e-06	 3.982075e-06	-5.727144e-06	-2.918329e-03	-1.099265e-04	 2.664563e-03	-7.004676e-02	-1.372404e-01	-1.240177e-01	-1.109733e-01	 4.235155e-04	-1.785160e-03	-1.128143e-03	-2.695315e-03	-3.292547e-03	 3.819906e-05	-2.925485e-05	-8.799873e-05	-3.168906e-05	-9.619064e-05	 2.044075e-05	 7.045347e-07	-5.393472e-07	-1.741630e-06	 2.641485e-04	-1.822000e-04	-7.534756e-03	-6.960853e-02	-7.116750e-02	-6.198608e-03	 1.208767e-02	-6.525783e-05	-6.886241e-05	-5.682075e-06	 1.335880e-03	 7.845395e-04	
-4.501266e-06	-8.032334e-05	-2.142561e-04	-4.070941e-04	-1.855845e-04	-1.429746e-04	-1.048706e-02	-7.824331e-04	 4.621879e-03	 1.253850e-06	 1.897605e-06	-4.908166e-05	-1.729886e-05	 1.750742e-07	 7.748935e-06	-1.450011e-05	 1.514629e-05	-4.457758e-05	 5.727847e-05	 1.701299e-06	-8.290874e-05	 3.627677e-06	 1.673440e-05	 1.596612e-05	-3.815528e-06	-2.922078e-06	-2.657985e-05	-5.318942e-03	 1.001645e-03	 7.836226e-03	-1.348796e-01	 4.576493e-03	 4.578299e-02	 2.633348e-02	-1.170430e-02	-1.759666e-03	-2.594668e-03	-3.125005e-03	-1.089653e-02	-1.199212e-04	 3.490688e-05	 3.146857e-04	 7.349381e-05	 1.889887e-04	 2.568698e-04	-2.313788e-07	 1.188097e-06	-6.811642e-06	-3.208774e-04	 1.371097e-05	 3.989688e-03	 4.166800e-02	 4.368049e-02	 3.622378e-03	-1.681178e-03	 3.842420e-05	 4.318292e-05	 5.571768e-06	-7.824528e-04	-4.623027e-03	
 8.970791e-08	-4.436825e-07	 8.293079e-07	 3.445969e-07	 1.724538e-06	 4.354869e-06	-7.513801e-05	-1.507674e-06	 1.253850e-06	 2.161954e-05	-3.263670e-08	 6.286359e-07	-4.283509e-08	-1.556182e-06	 4.446210e-07	-3.655857e-07	 1.931048e-06	-4.113439e-06	-7.389469e-07	 1.582760e-06	-4.585624e-06	 5.983444e-07	-4.629337e-07	-7.101629e-07	-2.803372e-06	-2.426350e-06	-1.018317e-06	 1.595413e-03	 2.617498e-05	-7.692762e-05	-3.945819e-03	 1.151266e-03	-2.479882e-04	-4.155376e-03	-6.716753e-05	 1.660106e-04	 4.297351e-05	 1.296801e-04	-1.007290e-03	-4.016488e-06	-1.573888e-07	-1.834597e-05	-6.522691e-06	-7.012772e-06	 2.307253e-05	-4.963276e-08	 5.631977e-08	-3.323257e-06	-5.159963e-07	-1.516252e-06	 1.181854e-06	 1.090525e-04	 8.435965e-05	 1.031546e-05	-1.336466e-04	 1.156119e-07	 5.823715e-08	 6.801047e-08	-1.508448e-06	-1.171005e-06	
-3.377867e-09	 1.392502e-07	 3.638352e-07	 3.631090e-08	 2.680762e-08	-1.598633e-07	 7.670618e-06	 1.070879e-06	 1.897605e-06	-3.263670e-08	 1.256172e-07	-2.183752e-07	-2.464311e-08	-1.716466e-08	-2.781053e-08	-6.102639e-08	 2.262877e-07	 2.728610e-07	-1.894610e-07	 6.772550e-08	 8.196742e-08	-8.143549e-08	-1.568092e-07	-1.289579e-07	 1.952828e-07	 2.062188e-07	 1.263276e-07	-6.513439e-05	 9.958027e-08	-1.175294e-05	-3.850093e-04	-1.236772e-04	-1.650323e-04	-8.098358e-05	-2.950553e-06	 9.757709e-06	-4.879857e-06	 5.160653e-06	 8.824964e-05	 3.671804e-07	 3.158511e-07	-1.442530e-06	 7.192197e-07	-3.251075e-07	-2.984395e-06	-2.265101e-09	 5.253742e-09	 3.364917e-08	 2.556418e-07	-3.984233e-08	-6.377829e-06	-6.305627e-05	-6.321681e-05	-5.907883e-06	 1.878310e-05	-6.003862e-08	-6.012774e-08	 1.192470e-08	 1.070889e-06	-1.890052e-06	
 1.534898e-07	-5.773776e-07	 1.445759e-06	 6.543314e-06	 1.327166e-06	 4.451658e-06	 1.424334e-04	-1.088859e-06	-4.908166e-05	 6.286359e-07	-2.183752e-07	 1.400016e-04	 3.183769e-06	-4.772846e-06	 3.154556e-07	-7.647705e-07	-2.742620e-06	 3.359333e-05	 1.082236e-05	-1.498242e-06	-8.338675e-06	 7.015579e-07	 7.816647e-08	 1.424779e-06	 4.821492e-07	 1.545871e-07	 3.336926e-06	 4.094321e-03	 1.277134e-04	-8.729231e-04	 1.443254e-02	 4.606602e-03	 6.760813e-04	-6.842480e-03	 8.091153e-04	 3.092882e-04	 3.537129e-04	-3.141612e-04	-3.556409e-03	 2.961427e-06	-1.243159e-05	 1.094445e-06	-2.769328e-05	 1.882465e-05	-2.020111e-05	 1.719483e-07	-1.840766e-07	-2.640460e-08	 1.250162e-06	-2.153460e-06	-2.181894e-06	 9.805778e-05	 5.644479e-05	 1.130076e-05	-2.324945e-04	 1.173227e-07	 1.794676e-08	-3.246321e-09	-1.087886e-06	 4.902045e-05	
 2.020648e-08	 4.008021e-07	 1.620694e-06	 2.789900e-06	 6.414770e-07	 1.237620e-06	 8.551190e-05	 4.043597e-06	-1.729886e-05	-4.283509e-08	-2.464311e-08	 3.183769e-06	 2.797424e-05	-1.791803e-06	-2.262993e-07	 2.791411e-07	-3.221343e-06	 6.348082e-06	 1.913578e-06	-6.279153e-08	 3.841925e-06	-3.853581e-07	-8.270497e-07	 4.012662e-07	-2.993900e-07	-5.521607e-08	 2.806289e-06	-1.035147e-03	-1.716220e-05	-1.313459e-05	-6.046080e-05	-3.354024e-06	 4.991307e-04	 2.026239e-03	 2.400142e-04	 1.007603e-04	-3.234086e-04	-4.350973e-04	 3.236250e-04	 1.620094e-06	-1.009617e-07	-6.588293e-06	-6.964688e-06	-6.791691e-06	-4.425920e-06	 1.572550e-08	-4.011763e-08	-1.746627e-07	 1.832738e-06	-5.275349e-07	-2.398946e-05	-2.214013e-04	-2.292425e-04	-1.955478e-05	 7.574002e-06	-2.040210e-07	-2.233387e-07	-3.386538e-09	 4.044100e-06	 1.725549e-05	
 4.365379e-08	 1.922531e-07	-1.340297e-07	 7.427386e-07	 8.739457e-07	-1.180819e-07	 7.459985e-06	 6.395770e-07	 1.750742e-07	-1.556182e-06	-1.716466e-08	-4.772846e-06	-1.791803e-06	 2.194456e-05	-7.942862e-07	 3.916461e-07	 5.400112e-07	-4.540853e-06	-1.193671e-06	 7.375014e-07	-2.942106e-06	-6.647617e-07	-2.470851e-07	-1.410482e-06	-6.759484e-08	-3.096242e-07	-3.122747e-06	 1.170866e-03	 5.044042e-06	 4.174594e-04	-4.743667e-03	 1.475524e-04	 1.284172e-03	-1.804955e-03	-6.883879e-04	 1.069410e-04	 1.201223e-05	 1.366395e-04	-1.057677e-04	-4.646668e-06	 4.237382e-06	-5.765729e-06	 7.282044e-06	 2.339923e-06	-4.315819e-05	 3.952503e-08	 1.401344e-08	 3.553268e-07	 8.123741e-07	 5.460409e-07	-4.146392e-06	-8.073004e-05	-9.555241e-05	-5.985917e-06	-3.881922e-05	-6.932467e-08	-1.039263e-07	-5.678803e-08	 6.403648e-07	-1.712152e-07	
-2.309316e-08	-8.083974e-07	-4.407742e-06	-3.789790e-06	-1.551026e-06	-9.588375e-07	-3.849470e-05	-9.571176e-06	 7.748935e-06	 4.446210e-07	-2.781053e-08	 3.154556e-07	-2.262993e-07	-7.942862e-07	 1.136772e-05	-2.659716e-08	-1.991262e-06	 1.052636e-06	-1.170138e-06	 1.802710e-06	-1.251003e-07	-1.280753e-08	 5.165320e-07	-1.806891e-06	-7.281573e-07	 1.062419e-07	-8.414415e-07	 3.029808e-04	-3.818939e-05	 1.091956e-04	 7.737040e-05	-2.187111e-04	-2.627687e-04	-5.013675e-04	-3.985028e-05	 2.139469e-04	 1.573150e-04	-1.036451e-04	-3.421411e-04	-1.075473e-06	 1.699930e-06	-1.135358e-05	 4.199303e-06	-5.280824e-06	 1.228335e-05	 1.826415e-08	-9.173978e-09	-2.962666e-07	-2.463513e-06	 2.161015e-06	 5.639041e-05	 4.772895e-04	 4.912970e-04	 4.226285e-05	-6.190129e-05	 4.447685e-07	 4.777678e-07	 3.781998e-08	-9.571313e-06	-7.748208e-06	
 1.044152e-08	-1.335201e-06	-5.963126e-06	 3.931589e-06	-2.294471e-06	 3.026696e-06	 7.098623e-05	-1.343912e-05	-1.450011e-05	-3.655857e-07	-6.102639e-08	-7.647705e-07	 2.791411e-07	 3.916461e-07	-2.659716e-08	 3.079752e-05	 1.837755e-06	-5.033517e-06	 5.220300e-06	-1.806727e-07	 2.920990e-06	-6.379396e-07	-8.275998e-07	 1.172228e-06	-4.099655e-07	-6.875845e-07	-2.108048e-06	-3.595702e-05	 7.335082e-05	-1.563758e-05	-2.812181e-03	 2.274303e-03	 2.410664e-03	 6.297419e-04	 9.297535e-05	-4.126233e-05	-2.803413e-05	 2.700349e-04	 3.067286e-04	-8.555015e-06	-2.596707e-06	 9.979089e-06	 3.054830e-06	-2.041944e-06	-3.664491e-05	 4.710803e-08	-1.226916e-07	 1.170926e-07	-3.566071e-07	 2.478386e-06	 8.081449e-05	 7.174281e-04	 7.254516e-04	 6.419434e-05	-1.441053e-04	 6.745170e-07	 6.944414e-07	 5.012713e-08	-1.343985e-05	 1.441045e-05	
-4.795303e-08	 1.656860e-06	 7.667254e-06	 8.407460e-06	 2.560867e-06	 2.719121e-06	 2.674826e-04	 1.944956e-05	 1.514629e-05	 1.931048e-06	 2.262877e-07	-2.742620e-06	-3.221343e-06	 5.400112e-07	-1.991262e-06	 1.837755e-06	 2.041188e-04	 1.681904e-06	 9.690125e-06	 3.462732e-06	 6.369359e-07	-2.634674e-07	-2.390167e-06	-2.707183e-06	-5.716464e-07	-3.107163e-06	-2.667124e-06	-9.456411e-04	-1.950876e-05	 1.942866e-03	-5.546946e-03	-7.730411e-04	 4.142188e-03	 3.863042e-03	-2.029463e-03	-1.294892e-03	-2.545385e-04	 1.605131e-03	 2.835020e-03	-2.059744e-05	-1.060737e-05	 8.787797e-06	 3.031837e-05	 1.676124e-05	 2.621050e-04	 1.483643e-07	 2.044479e-07	 2.501967e-07	 5.857307e-06	-3.264423e-06	-1.054013e-04	-9.272453e-04	-9.265709e-04	-8.417250e-05	 2.417373e-04	-8.792349e-07	-8.769673e-07	-1.772387e-08	 1.944707e-05	-1.508910e-05	
 4.660776e-08	 1.017547e-05	 9.366033e-06	 1.385989e-05	 3.833877e-06	-2.271483e-06	 1.599889e-04	 6.285498e-05	-4.457758e-05	-4.113439e-06	 2.728610e-07	 3.359333e-05	 6.348082e-06	-4.540853e-06	 1.052636e-06	-5.033517e-06	 1.681904e-06	 4.595450e-03	-3.197335e-06	 1.825781e-05	 7.086052e-05	-1.383230e-05	-1.619678e-05	-2.215533e-05	-4.904488e-06	 6.047081e-06	 5.084941e-07	-5.608513e-03	 2.933369e-04	-1.909065e-03	 4.698595e-02	-1.228354e-02	-1.228929e-02	-8.799400e-03	 3.840618e-03	-3.433468e-03	-4.413929e-04	-1.482039e-03	 2.776748e-03	-4.194706e-05	-2.237790e-05	 1.646665e-06	 1.632989e-04	-6.726550e-05	-3.763005e-04	-3.216070e-07	 5.746287e-07	-2.268182e-07	 2.571380e-05	 1.241492e-05	-3.289950e-04	-4.235464e-03	-4.330077e-03	-3.759140e-04	 8.970483e-04	-3.990430e-06	-4.193852e-06	-6.168414e-07	 6.285705e-05	 4.373235e-05	
 8.117864e-08	-2.967530e-06	-1.007152e-05	 8.598532e-06	-4.531972e-06	 5.595724e-06	-3.884459e-04	-3.196905e-05	 5.727847e-05	-7.389469e-07	-1.894610e-07	 1.082236e-05	 1.913578e-06	-1.193671e-06	-1.170138e-06	 5.220300e-06	 9.690125e-06	-3.197335e-06	 3.982062e-04	-1.000990e-05	-1.202614e-05	-3.050294e-06	-4.894440e-06	-3.102995e-07	 1.062405e-06	 1.294021e-08	 3.810217e-06	-1.966493e-03	 5.761903e-05	-6.704659e-04	-1.163468e-02	-4.132250e-03	-7.981710e-03	-6.759035e-03	 4.830749e-04	-2.275510e-04	 9.810402e-05	-3.591159e-04	 2.391919e-04	-1.250792e-05	-2.163800e-05	-2.680045e-05	-9.891171e-06	 1.954777e-05	-5.487443e-05	-4.445233e-07	-1.416810e-07	 4.704469e-07	-9.689208e-07	 3.055990e-06	 1.589049e-04	 1.515889e-03	 1.516822e-03	 1.358916e-04	-3.794304e-04	 1.435130e-06	 1.438864e-06	 1.601254e-07	-3.196179e-05	-5.749877e-05	
-1.367027e-08	 2.649375e-06	 4.868796e-06	 1.069189e-06	 2.832542e-06	-3.017160e-06	 1.573704e-04	 1.979932e-05	 1.701299e-06	 1.582760e-06	 6.772550e-08	-1.498242e-06	-6.279153e-08	 7.375014e-07	 1.802710e-06	-1.806727e-07	 3.462732e-06	 1.825781e-05	-1.000990e-05	 1.374270e-04	-1.406113e-06	 1.874578e-06	 7.680714e-07	-2.436599e-07	-3.884031e-07	 2.574270e-06	 6.002533e-06	 4.401908e-03	-2.472230e-04	 7.874509e-04	-1.193355e-02	-3.083154e-03	-6.194974e-03	-6.927834e-03	-8.445233e-04	 1.629439e-04	-3.478929e-04	-4.767518e-04	-2.628180e-03	-4.326388e-06	 3.164403e-06	 1.945194e-05	-4.902082e-06	-1.792357e-05	-4.085009e-06	-1.027621e-07	-3.337293e-08	 1.252471e-06	 5.507271e-06	 1.195852e-06	-1.048401e-04	-1.186477e-03	-1.203933e-03	-1.055128e-04	 2.522267e-04	-1.117710e-06	-1.157734e-06	-1.512603e-07	 1.980097e-05	-1.590201e-06	
 2.074473e-09	 6.529190e-06	 2.256812e-05	 1.292527e-05	 7.877376e-06	 1.803884e-06	 6.195181e-04	 6.615759e-05	-8.290874e-05	-4.585624e-06	 8.196742e-08	-8.338675e-06	 3.841925e-06	-2.942106e-06	-1.251003e-07	 2.920990e-06	 6.369359e-07	 7.086052e-05	-1.202614e-05	-1.406113e-06	 3.913080e-04	 4.189543e-08	-1.961493e-06	-3.628982e-06	 6.462605e-07	 4.678424e-06	 8.035090e-06	 5.159243e-03	 1.262683e-04	-1.863832e-04	-1.890068e-03	-3.506998e-03	-2.001254e-03	-1.143900e-02	 2.151069e-04	-1.477976e-03	-1.349941e-03	-7.273895e-04	-2.613135e-03	-2.899086e-05	-1.356994e-05	 5.027125e-07	 3.871981e-07	 2.655128e-05	-2.615153e-05	 1.762519e-07	 6.212390e-07	-1.067110e-06	 1.484224e-05	-6.207694e-06	-3.544982e-04	-3.405764e-03	-3.470322e-03	-3.049138e-04	 7.184125e-04	-3.208527e-06	-3.350779e-06	-2.649234e-07	 6.615158e-05	 8.318433e-05	
-3.446393e-08	 1.354335e-06	 4.018222e-06	-3.308742e-06	 1.824785e-06	-4.001280e-06	 1.026667e-05	 1.183690e-05	 3.627677e-06	 5.983444e-07	-8.143549e-08	 7.015579e-07	-3.853581e-07	-6.647617e-07	-1.280753e-08	-6.379396e-07	-2.634674e-07	-1.383230e-05	-3.050294e-06	 1.874578e-06	 4.189543e-08	 1.957726e-05	 9.503895e-06	 1.150799e-05	 4.042303e-06	 3.253868e-06	 2.945159e-06	 3.278178e-04	 2.251670e-05	 3.302133e-05	 3.158064e-03	 2.079019e-04	-4.640393e-04	-8.994760e-04	-3.749076e-04	-6.612205e-05	 2.260178e-04	 7.368770e-04	 1.030675e-03	 1.497674e-06	-3.277493e-06	-1.116938e-05	 8.625658e-06	-2.279961e-06	 5.270187e-05	 1.122295e-07	-4.466432e-08	 1.212838e-06	 1.067093e-06	-8.829932e-07	-6.545993e-05	-6.349422e-04	-6.359047e-04	-5.813670e-05	 1.685622e-04	-6.018838e-07	-6.040950e-07	 2.841985e-08	 1.183929e-05	-3.560083e-06	
-7.030883e-08	 7.838051e-07	 2.490474e-06	-3.729442e-06	 8.580524e-07	-3.782568e-06	 1.402367e-05	 6.980833e-06	 1.673440e-05	-4.629337e-07	-1.568092e-07	 7.816647e-08	-8.270497e-07	-2.470851e-07	 5.165320e-07	-8.275998e-07	-2.390167e-06	-1.619678e-05	-4.894440e-06	 7.680714e-07	-1.961493e-06	 9.503895e-06	 1.946581e-05	 1.016425e-05	 3.878973e-06	 4.374718e-06	 3.846695e-06	-2.495141e-04	 6.475647e-05	 3.167666e-05	-1.234587e-03	-1.116459e-03	 4.478913e-04	-1.937442e-04	-9.933511e-05	 9.026518e-05	 7.047229e-05	 3.981391e-05	 2.213528e-04	 6.356132e-07	-4.271315e-08	-1.166603e-05	 4.171622e-06	-1.898171e-06	 8.840026e-05	 1.091725e-07	 6.039567e-09	 1.233567e-06	-6.304087e-08	-7.035912e-07	-3.779147e-05	-3.536289e-04	-3.388367e-04	-3.356718e-05	 1.650125e-04	-3.436173e-07	-3.082877e-07	 4.760775e-08	 6.983773e-06	-1.676437e-05	
 1.047021e-08	 8.864009e-07	 7.635043e-06	 1.530024e-06	 3.266839e-06	-1.221126e-06	 3.931614e-05	 1.360328e-05	 1.596612e-05	-7.101629e-07	-1.289579e-07	 1.424779e-06	 4.012662e-07	-1.410482e-06	-1.806891e-06	 1.172228e-06	-2.707183e-06	-2.215533e-05	-3.102995e-07	-2.436599e-07	-3.628982e-06	 1.150799e-05	 1.016425e-05	 3.935660e-05	 4.453445e-06	 3.697508e-06	 4.666125e-06	-1.517055e-03	 2.982050e-05	 1.866251e-04	-3.372181e-03	-2.914530e-03	-1.875629e-03	-1.368140e-04	-4.246633e-04	 1.198393e-04	 5.860967e-04	 1.055150e-03	 2.257367e-03	 1.491772e-06	 3.639658e-06	-1.118061e-05	 1.136294e-05	 5.788562e-06	 7.776777e-05	-2.784078e-09	-5.005913e-08	 1.282453e-06	 1.417399e-06	-4.845451e-06	-8.501829e-05	-6.328244e-04	-6.450551e-04	-5.622479e-05	 1.040715e-04	-5.922684e-07	-6.217070e-07	-5.597946e-08	 1.360912e-05	-1.588981e-05	
-5.752853e-08	 1.003297e-06	 1.851222e-06	 2.020312e-07	 5.863985e-07	-3.856768e-06	 1.160450e-04	 7.721546e-06	-3.815528e-06	-2.803372e-06	 1.952828e-07	 4.821492e-07	-2.993900e-07	-6.759484e-08	-7.281573e-07	-4.099655e-07	-5.716464e-07	-4.904488e-06	 1.062405e-06	-3.884031e-07	 6.462605e-07	 4.042303e-06	 3.878973e-06	 4.453445e-06	 1.564955e-05	 6.617237e-06	 4.930149e-06	-2.284815e-03	 9.878495e-06	-4.843942e-05	-4.067553e-03	-2.542802e-03	-1.710110e-03	 2.033395e-03	 7.790288e-05	 2.680098e-04	 1.442185e-05	 2.574006e-04	 2.109448e-03	 9.916937e-07	-2.720799e-06	-2.164687e-05	-4.153541e-06	-7.557476e-06	 4.937458e-05	 3.012586e-08	-7.734066e-08	 2.697910e-06	 1.947967e-06	 3.672904e-07	-3.806355e-05	-4.312970e-04	-4.209968e-04	-3.900316e-05	 1.598036e-04	-4.143033e-07	-3.898404e-07	-6.608978e-08	 7.724300e-06	 3.779768e-06	
-4.284200e-08	 4.808512e-07	 8.617701e-07	 2.312810e-06	-2.906663e-07	-2.732904e-06	 1.143620e-04	 3.982075e-06	-2.922078e-06	-2.426350e-06	 2.062188e-07	 1.545871e-07	-5.521607e-08	-3.096242e-07	 1.062419e-07	-6.875845e-07	-3.107163e-06	 6.047081e-06	 1.294021e-08	 2.574270e-06	 4.678424e-06	 3.253868e-06	 4.374718e-06	 3.697508e-06	 6.617237e-06	 1.206694e-05	 5.518719e-06	-9.325298e-04	 6.105128e-06	-4.173853e-04	-2.156916e-05	-1.936541e-03	-1.891021e-03	 8.575283e-04	 9.144466e-05	 8.327005e-05	-1.978974e-05	-4.674797e-04	 3.729011e-04	 2.452849e-06	-7.724402e-07	-7.655633e-06	-5.611320e-06	-9.332583e-06	 1.644598e-05	 4.149263e-10	-5.356015e-08	 3.063738e-06	 1.533415e-06	 1.798309e-07	-1.761239e-05	-2.108398e-04	-2.016637e-04	-1.851304e-05	 1.008305e-04	-2.051683e-07	-1.830971e-07	-1.013873e-07	 3.984818e-06	 2.900277e-06	
 4.945490e-08	-1.354964e-06	 5.683551e-07	 9.047795e-06	-1.170112e-06	 2.165620e-06	 1.548090e-04	-5.727144e-06	-2.657985e-05	-1.018317e-06	 1.263276e-07	 3.336926e-06	 2.806289e-06	-3.122747e-06	-8.414415e-07	-2.108048e-06	-2.667124e-06	 5.084941e-07	 3.810217e-06	 6.002533e-06	 8.035090e-06	 2.945159e-06	 3.846695e-06	 4.666125e-06	 4.930149e-06	 5.518719e-06	 6.482880e-05	 6.638379e-05	 4.866783e-05	-3.066221e-05	 6.119465e-03	 2.243124e-03	 4.209414e-03	 3.698885e-03	-4.653498e-04	 3.402769e-05	-5.380029e-05	-4.878236e-04	-8.265390e-05	 2.441201e-06	 6.186151e-06	-5.831495e-06	-3.656037e-06	-1.104925e-05	 5.509362e-05	-2.722096e-07	 2.083847e-08	 3.271266e-06	 1.508181e-07	-3.029098e-06	 2.778177e-05	 4.624664e-04	 4.590543e-04	 4.233774e-05	-1.552829e-04	 4.424011e-07	 4.338953e-07	 1.060932e-08	-5.725781e-06	 2.654422e-05	
 2.738517e-05	-2.253478e-04	-1.711916e-03	-4.493917e-04	-4.738119e-04	 1.112847e-03	 1.692042e-02	-2.918329e-03	-5.318942e-03	 1.595413e-03	-6.513439e-05	 4.094321e-03	-1.035147e-03	 1.170866e-03	 3.029808e-04	-3.595702e-05	-9.456411e-04	-5.608513e-03	-1.966493e-03	 4.401908e-03	 5.159243e-03	 3.278178e-04	-2.495141e-04	-1.517055e-03	-2.284815e-03	-9.325298e-04	 6.638379e-05	 6.621815e+01	-2.856928e-01	-1.911248e+00	 3.955713e+01	 7.923610e-01	-2.941149e+01	-1.143218e+02	 9.276407e-01	 7.894499e-01	 4.359225e-01	-5.692550e+00	-4.136045e+01	-7.563822e-03	 1.447488e-02	 3.631799e-03	 1.802918e-02	-2.191422e-02	-1.339019e-01	-7.011579e-05	 1.268375e-03	 1.695639e-04	-3.647218e-04	 8.767067e-04	 1.756540e-02	 1.484611e-01	 1.424394e-01	 1.304486e-02	-7.222649e-02	 1.446525e-04	 1.296705e-04	 7.174684e-05	-2.921249e-03	 5.299534e-03	
 1.615011e-06	-4.372001e-05	 9.858785e-05	 6.457026e-05	 2.941776e-05	 7.058280e-05	 1.793687e-03	-1.099265e-04	 1.001645e-03	 2.617498e-05	 9.958027e-08	 1.277134e-04	-1.716220e-05	 5.044042e-06	-3.818939e-05	 7.335082e-05	-1.950876e-05	 2.933369e-04	 5.761903e-05	-2.472230e-04	 1.262683e-04	 2.251670e-05	 6.475647e-05	 2.982050e-05	 9.878495e-06	 6.105128e-06	 4.866783e-05	-2.856928e-01	 7.723550e-02	-1.296086e-02	-7.202584e-01	 8.727808e-01	 1.745516e+00	 5.674080e-01	 3.477146e-02	-2.372555e-03	 1.681319e-02	 1.131192e-01	 7.744950e-02	 5.727793e-05	-1.814499e-04	-4.875151e-04	 6.520574e-04	 8.907370e-04	 1.799324e-03	 1.010849e-06	-1.079255e-06	-1.152232e-05	-8.379443e-05	-1.704942e-04	 2.093940e-04	 1.212254e-02	 1.188263e-02	 1.068385e-03	-3.706297e-03	 1.155327e-05	 1.106984e-05	 3.450923e-06	-1.099203e-04	-9.986735e-04	
-1.720551e-05	 2.902207e-04	 9.769256e-04	 9.057268e-04	 3.131428e-04	 5.490586e-04	 7.427978e-03	 2.664563e-03	 7.836226e-03	-7.692762e-05	-1.175294e-05	-8.729231e-04	-1.313459e-05	 4.174594e-04	 1.091956e-04	-1.563758e-05	 1.942866e-03	-1.909065e-03	-6.704659e-04	 7.874509e-04	-1.863832e-04	 3.302133e-05	 3.167666e-05	 1.866251e-04	-4.843942e-05	-4.173853e-04	-3.066221e-05	-1.911248e+00	-1.296086e-02	 3.668561e+00	-2.765144e+01	-2.107260e+00	 1.015042e+01	 9.230559e+00	-2.426383e+00	-1.205981e-01	 3.827931e-01	 2.424181e+00	 3.145915e+00	-1.261794e-04	 2.161274e-03	-2.906639e-04	 5.229957e-04	-6.273031e-03	-2.618046e-02	 9.834393e-05	-7.891001e-05	-3.797138e-04	 9.110100e-04	-2.552070e-04	-1.503488e-02	-1.439865e-01	-1.411891e-01	-1.321403e-02	 4.799547e-02	-1.377880e-04	-1.313418e-04	-1.257947e-06	 2.663607e-03	-7.804141e-03	
-3.889091e-04	-4.788960e-03	-3.794558e-02	-2.352389e-02	-3.281883e-02	-1.569627e-02	-1.876158e-02	-7.004676e-02	-1.348796e-01	-3.945819e-03	-3.850093e-04	 1.443254e-02	-6.046080e-05	-4.743667e-03	 7.737040e-05	-2.812181e-03	-5.546946e-03	 4.698595e-02	-1.163468e-02	-1.193355e-02	-1.890068e-03	 3.158064e-03	-1.234587e-03	-3.372181e-03	-4.067553e-03	-2.156916e-05	 6.119465e-03	 3.955713e+01	-7.202584e-01	-2.765144e+01	 7.905255e+02	 1.087224e+02	-1.465024e+01	-3.508897e+01	 8.956830e+00	-7.608347e+00	 2.550123e+00	-1.262369e+01	-2.117242e+01	 1.463621e-02	-1.666233e-02	 3.549825e-02	 1.604429e-03	 1.207537e-01	 3.314338e-01	 3.533021e-03	 1.205986e-03	 1.048244e-02	-2.066008e-02	 2.222477e-02	 4.516415e-01	 3.550779e+00	 3.721307e+00	 3.105788e-01	-1.967946e-01	 3.281600e-03	 3.676714e-03	 3.788890e-04	-7.006499e-02	 1.352139e-01	
-3.674123e-04	-1.184348e-02	-5.984235e-02	-2.041471e-02	-3.514995e-02	-3.438327e-03	-5.394874e-01	-1.372404e-01	 4.576493e-03	 1.151266e-03	-1.236772e-04	 4.606602e-03	-3.354024e-06	 1.475524e-04	-2.187111e-04	 2.274303e-03	-7.730411e-04	-1.228354e-02	-4.132250e-03	-3.083154e-03	-3.506998e-03	 2.079019e-04	-1.116459e-03	-2.914530e-03	-2.542802e-03	-1.936541e-03	 2.243124e-03	 7.923610e-01	 8.727808e-01	-2.107260e+00	 1.087224e+02	 1.148443e+02	 1.000252e+02	 7.356389e+01	-7.113790e+00	-7.337392e-01	-1.803231e+00	 2.602692e+00	 4.320864e+00	 2.655321e-03	 3.121531e-04	 1.073913e-02	 3.623014e-02	 5.652343e-02	 5.614122e-02	-1.676316e-04	 3.287647e-04	 3.278628e-03	-2.763440e-02	 2.701348e-02	 8.061205e-01	 7.048452e+00	 7.276080e+00	 6.225646e-01	-9.211011e-01	 6.573172e-03	 7.099816e-03	 7.240534e-04	-1.372519e-01	-4.334110e-03	
-4.128092e-04	-1.089632e-02	-5.318970e-02	-1.056619e-02	-3.201017e-02	 8.445851e-04	-4.413370e-01	-1.240177e-01	 4.578299e-02	-2.479882e-04	-1.650323e-04	 6.760813e-04	 4.991307e-04	 1.284172e-03	-2.627687e-04	 2.410664e-03	 4.142188e-03	-1.228929e-02	-7.981710e-03	-6.194974e-03	-2.001254e-03	-4.640393e-04	 4.478913e-04	-1.875629e-03	-1.710110e-03	-1.891021e-03	 4.209414e-03	-2.941149e+01	 1.745516e+00	 1.015042e+01	-1.465024e+01	 1.000252e+02	 1.723899e+02	 1.639276e+02	-1.502214e+01	-1.263230e+00	-4.144904e-01	 4.545659e+00	 1.381657e+01	-1.302806e-03	 3.798894e-03	 1.266594e-02	 5.053800e-02	 5.496100e-02	 4.661668e-02	 1.701373e-04	-4.286884e-04	 2.088003e-03	-2.223884e-02	 2.317709e-02	 7.281162e-01	 6.429093e+00	 6.660530e+00	 5.666804e-01	-7.347889e-01	 5.982917e-03	 6.519893e-03	 6.565338e-04	-1.240295e-01	-4.539769e-02	
-4.880675e-04	-9.011375e-03	-5.029684e-02	-1.062182e-02	-3.198872e-02	-4.268001e-03	-4.667107e-01	-1.109733e-01	 2.633348e-02	-4.155376e-03	-8.098358e-05	-6.842480e-03	 2.026239e-03	-1.804955e-03	-5.013675e-04	 6.297419e-04	 3.863042e-03	-8.799400e-03	-6.759035e-03	-6.927834e-03	-1.143900e-02	-8.994760e-04	-1.937442e-04	-1.368140e-04	 2.033395e-03	 8.575283e-04	 3.698885e-03	-1.143218e+02	 5.674080e-01	 9.230559e+00	-3.508897e+01	 7.356389e+01	 1.639276e+02	 3.188549e+02	-1.409307e+01	-1.964561e+00	-1.546577e+00	 5.529333e+00	 5.801580e+01	 1.598748e-02	-1.635377e-02	 4.061641e-02	 9.981940e-03	 7.457648e-02	 2.567193e-01	 1.866573e-04	-2.260995e-03	 3.950214e-03	-1.924674e-02	 2.458166e-02	 6.626684e-01	 5.624214e+00	 5.864221e+00	 4.959175e-01	-4.706277e-01	 5.213994e-03	 5.772288e-03	 3.958201e-04	-1.109806e-01	-2.606077e-02	
 1.353678e-05	 7.345564e-05	-7.407774e-05	-7.659865e-04	-3.853424e-04	-5.147821e-04	 6.897176e-03	 4.235155e-04	-1.170430e-02	-6.716753e-05	-2.950553e-06	 8.091153e-04	 2.400142e-04	-6.883879e-04	-3.985028e-05	 9.297535e-05	-2.029463e-03	 3.840618e-03	 4.830749e-04	-8.445233e-04	 2.151069e-04	-3.749076e-04	-9.933511e-05	-4.246633e-04	 7.790288e-05	 9.144466e-05	-4.653498e-04	 9.276407e-01	 3.477146e-02	-2.426383e+00	 8.956830e+00	-7.113790e+00	-1.502214e+01	-1.409307e+01	 4.988347e+00	-6.431832e-02	-4.517772e-01	-1.825783e+00	-2.367580e+00	-8.728427e-04	-2.825155e-03	 2.170411e-03	-4.511720e-03	 4.483858e-04	 1.137560e-02	-6.287163e-05	 4.031982e-05	 2.947963e-04	-3.437807e-04	 2.213996e-04	-1.597746e-03	-2.862474e-02	-3.352121e-02	-2.380773e-03	-8.676700e-03	-2.518767e-05	-3.630182e-05	-3.318839e-06	 4.241650e-04	 1.168605e-02	
 1.834788e-05	-4.413442e-04	 2.420038e-04	 2.792687e-04	 5.683328e-04	 7.137328e-04	 1.024365e-02	-1.785160e-03	-1.759666e-03	 1.660106e-04	 9.757709e-06	 3.092882e-04	 1.007603e-04	 1.069410e-04	 2.139469e-04	-4.126233e-05	-1.294892e-03	-3.433468e-03	-2.275510e-04	 1.629439e-04	-1.477976e-03	-6.612205e-05	 9.026518e-05	 1.198393e-04	 2.680098e-04	 8.327005e-05	 3.402769e-05	 7.894499e-01	-2.372555e-03	-1.205981e-01	-7.608347e+00	-7.337392e-01	-1.263230e+00	-1.964561e+00	-6.431832e-02	 3.458181e+00	 4.052385e-01	 1.421844e-01	-3.459536e-01	 1.173056e-03	-9.824164e-04	-6.924351e-03	-4.479298e-03	 6.618891e-04	-2.176049e-03	 1.997917e-04	-3.934072e-05	-6.682311e-05	-7.213269e-04	-1.061588e-03	 7.935338e-03	 1.438461e-01	 1.416590e-01	 1.323192e-02	-5.656799e-02	 1.385076e-04	 1.327867e-04	 5.921812e-06	-1.784600e-03	 1.785045e-03	
-8.370025e-06	-1.594138e-05	-9.832092e-04	-2.830191e-05	-4.968925e-04	-1.229480e-04	 1.407157e-02	-1.128143e-03	-2.594668e-03	 4.297351e-05	-4.879857e-06	 3.537129e-04	-3.234086e-04	 1.201223e-05	 1.573150e-04	-2.803413e-05	-2.545385e-04	-4.413929e-04	 9.810402e-05	-3.478929e-04	-1.349941e-03	 2.260178e-04	 7.047229e-05	 5.860967e-04	 1.442185e-05	-1.978974e-05	-5.380029e-05	 4.359225e-01	 1.681319e-02	 3.827931e-01	 2.550123e+00	-1.803231e+00	-4.144904e-01	-1.546577e+00	-4.517772e-01	 4.052385e-01	 3.229876e+00	 3.034301e+00	 3.243208e+00	-8.159739e-04	 2.366026e-03	-3.755743e-04	 1.775480e-03	 6.442135e-03	 1.357154e-02	-2.266025e-04	-6.809942e-05	 2.346593e-04	 6.823602e-05	 7.855774e-04	 8.589722e-03	 4.656877e-02	 5.009310e-02	 4.109036e-03	-2.515941e-03	 4.296234e-05	 5.075414e-05	 1.468177e-06	-1.128680e-03	 2.590882e-03	
-2.888005e-05	-1.309324e-04	-1.812791e-03	-1.911264e-03	-1.320984e-03	-9.397523e-04	 3.535892e-02	-2.695315e-03	-3.125005e-03	 1.296801e-04	 5.160653e-06	-3.141612e-04	-4.350973e-04	 1.366395e-04	-1.036451e-04	 2.700349e-04	 1.605131e-03	-1.482039e-03	-3.591159e-04	-4.767518e-04	-7.273895e-04	 7.368770e-04	 3.981391e-05	 1.055150e-03	 2.574006e-04	-4.674797e-04	-4.878236e-04	-5.692550e+00	 1.131192e-01	 2.424181e+00	-1.262369e+01	 2.602692e+00	 4.545659e+00	 5.529333e+00	-1.825783e+00	 1.421844e-01	 3.034301e+00	 1.019559e+01	 1.781427e+01	-2.436664e-03	 7.223360e-06	-7.593229e-03	 1.019952e-03	 2.935148e-03	-2.005359e-03	-1.695821e-04	 3.025469e-04	 1.130768e-04	-9.389696e-04	 1.287018e-03	 1.873216e-02	 1.263658e-01	 1.372619e-01	 1.093857e-02	 8.734372e-03	 1.147537e-04	 1.398577e-04	 7.504609e-06	-2.697277e-03	 3.153017e-03	
-7.482431e-05	 1.539405e-06	-2.853813e-03	-3.401656e-03	-2.482630e-03	-3.387499e-03	 5.749923e-02	-3.292547e-03	-1.089653e-02	-1.007290e-03	 8.824964e-05	-3.556409e-03	 3.236250e-04	-1.057677e-04	-3.421411e-04	 3.067286e-04	 2.835020e-03	 2.776748e-03	 2.391919e-04	-2.628180e-03	-2.613135e-03	 1.030675e-03	 2.213528e-04	 2.257367e-03	 2.109448e-03	 3.729011e-04	-8.265390e-05	-4.136045e+01	 7.744950e-02	 3.145915e+00	-2.117242e+01	 4.320864e+00	 1.381657e+01	 5.801580e+01	-2.367580e+00	-3.459536e-01	 3.243208e+00	 1.781427e+01	 5.341414e+01	-3.839488e-03	-8.573711e-03	-2.945883e-02	-5.309717e-03	 6.665829e-03	 4.645161e-02	-2.538619e-04	 4.970440e-04	 1.094505e-03	-1.314538e-03	 2.486696e-03	 2.589333e-02	 1.303751e-01	 1.545813e-01	 1.084862e-02	 7.059927e-02	 1.111095e-04	 1.677302e-04	-1.443585e-05	-3.293179e-03	 1.096950e-02	
 3.844669e-07	 3.618724e-06	 1.304869e-05	 2.452077e-05	 9.807603e-06	 7.646940e-06	 6.975112e-04	 3.819906e-05	-1.199212e-04	-4.016488e-06	 3.671804e-07	 2.961427e-06	 1.620094e-06	-4.646668e-06	-1.075473e-06	-8.555015e-06	-2.059744e-05	-4.194706e-05	-1.250792e-05	-4.326388e-06	-2.899086e-05	 1.497674e-06	 6.356132e-07	 1.491772e-06	 9.916937e-07	 2.452849e-06	 2.441201e-06	-7.563822e-03	 5.727793e-05	-1.261794e-04	 1.463621e-02	 2.655321e-03	-1.302806e-03	 1.598748e-02	-8.728427e-04	 1.173056e-03	-8.159739e-04	-2.436664e-03	-3.839488e-03	 1.458524e-03	 2.627076e-04	 7.154522e-06	-4.993368e-04	-2.574648e-04	-6.492895e-04	-4.301403e-07	-1.353893e-06	 2.129584e-06	 1.555686e-05	-3.757727e-06	-2.134073e-04	-2.053795e-03	-2.213625e-03	-1.784950e-04	-4.369910e-05	-1.878944e-06	-2.246400e-06	-1.589206e-07	 3.820847e-05	 1.192708e-04	
 1.681704e-08	-2.920286e-06	-1.396958e-05	 1.235611e-05	-1.960188e-06	 1.183734e-05	 6.454169e-05	-2.925485e-05	 3.490688e-05	-1.573888e-07	 3.158511e-07	-1.243159e-05	-1.009617e-07	 4.237382e-06	 1.699930e-06	-2.596707e-06	-1.060737e-05	-2.237790e-05	-2.163800e-05	 3.164403e-06	-1.356994e-05	-3.277493e-06	-4.271315e-08	 3.639658e-06	-2.720799e-06	-7.724402e-07	 6.186151e-06	 1.447488e-02	-1.814499e-04	 2.161274e-03	-1.666233e-02	 3.121531e-04	 3.798894e-03	-1.635377e-02	-2.825155e-03	-9.824164e-04	 2.366026e-03	 7.223360e-06	-8.573711e-03	 2.627076e-04	 8.538394e-04	-3.520069e-05	 6.741692e-04	-1.423977e-04	-1.007295e-03	-9.810306e-07	-2.448437e-07	-1.659623e-06	 1.869840e-06	 5.846626e-06	 1.825341e-04	 1.595223e-03	 1.622450e-03	 1.446789e-04	-3.486834e-04	 1.503081e-06	 1.564835e-06	-2.630797e-08	-2.924557e-05	-3.523614e-05	
-7.314224e-07	-1.382387e-05	-1.304357e-05	-3.165150e-05	-3.039309e-05	-7.388265e-06	 1.363089e-04	-8.799873e-05	 3.146857e-04	-1.834597e-05	-1.442530e-06	 1.094445e-06	-6.588293e-06	-5.765729e-06	-1.135358e-05	 9.979089e-06	 8.787797e-06	 1.646665e-06	-2.680045e-05	 1.945194e-05	 5.027125e-07	-1.116938e-05	-1.166603e-05	-1.118061e-05	-2.164687e-05	-7.655633e-06	-5.831495e-06	 3.631799e-03	-4.875151e-04	-2.906639e-04	 3.549825e-02	 1.073913e-02	 1.266594e-02	 4.061641e-02	 2.170411e-03	-6.924351e-03	-3.755743e-04	-7.593229e-03	-2.945883e-02	 7.154522e-06	-3.520069e-05	 6.986941e-03	-3.342858e-04	 8.764115e-04	 5.123895e-03	 1.224161e-06	-2.265136e-06	 1.211414e-06	-4.853498e-05	-1.638532e-05	 4.883681e-04	 5.936513e-03	 6.295455e-03	 5.343832e-04	-3.175748e-04	 5.483335e-06	 6.307239e-06	-6.644939e-07	-8.801714e-05	-3.154257e-04	
-6.248614e-07	 1.285519e-06	-3.337346e-05	-7.185335e-06	-1.722707e-05	-5.166897e-06	-1.897714e-04	-3.168906e-05	 7.349381e-05	-6.522691e-06	 7.192197e-07	-2.769328e-05	-6.964688e-06	 7.282044e-06	 4.199303e-06	 3.054830e-06	 3.031837e-05	 1.632989e-04	-9.891171e-06	-4.902082e-06	 3.871981e-07	 8.625658e-06	 4.171622e-06	 1.136294e-05	-4.153541e-06	-5.611320e-06	-3.656037e-06	 1.802918e-02	 6.520574e-04	 5.229957e-04	 1.604429e-03	 3.623014e-02	 5.053800e-02	 9.981940e-03	-4.511720e-03	-4.479298e-03	 1.775480e-03	 1.019952e-03	-5.309717e-03	-4.993368e-04	 6.741692e-04	-3.342858e-04	 2.872646e-03	 3.510657e-04	-1.137169e-03	-9.083768e-08	 1.935114e-06	-4.362404e-07	 3.848400e-06	 2.959600e-05	 2.577047e-04	 1.074162e-03	 1.274927e-03	 8.688805e-05	 6.435706e-04	 9.096853e-07	 1.384208e-06	 4.175989e-08	-3.168906e-05	-7.401584e-05	
-1.803880e-08	-1.048628e-05	-2.519300e-05	-1.502989e-05	-2.183479e-05	 6.979614e-06	-4.711496e-04	-9.619064e-05	 1.889887e-04	-7.012772e-06	-3.251075e-07	 1.882465e-05	-6.791691e-06	 2.339923e-06	-5.280824e-06	-2.041944e-06	 1.676124e-05	-6.726550e-05	 1.954777e-05	-1.792357e-05	 2.655128e-05	-2.279961e-06	-1.898171e-06	 5.788562e-06	-7.557476e-06	-9.332583e-06	-1.104925e-05	-2.191422e-02	 8.907370e-04	-6.273031e-03	 1.207537e-01	 5.652343e-02	 5.496100e-02	 7.457648e-02	 4.483858e-04	 6.618891e-04	 6.442135e-03	 2.935148e-03	 6.665829e-03	-2.574648e-04	-1.423977e-04	 8.764115e-04	 3.510657e-04	 6.742838e-03	 9.429791e-03	 5.104992e-06	 1.264327e-06	-7.228767e-06	-2.708676e-05	 9.825593e-07	 4.870848e-04	 5.170263e-03	 5.263709e-03	 4.537433e-04	-1.026504e-03	 4.863464e-06	 5.074637e-06	 1.102231e-06	-9.616122e-05	-1.882609e-04	
-1.312928e-06	-8.912443e-06	 4.909700e-05	-1.588301e-04	-4.161866e-05	-1.017325e-04	 6.160486e-03	 2.044075e-05	 2.568698e-04	 2.307253e-05	-2.984395e-06	-2.020111e-05	-4.425920e-06	-4.315819e-05	 1.228335e-05	-3.664491e-05	 2.621050e-04	-3.763005e-04	-5.487443e-05	-4.085009e-06	-2.615153e-05	 5.270187e-05	 8.840026e-05	 7.776777e-05	 4.937458e-05	 1.644598e-05	 5.509362e-05	-1.339019e-01	 1.799324e-03	-2.618046e-02	 3.314338e-01	 5.614122e-02	 4.661668e-02	 2.567193e-01	 1.137560e-02	-2.176049e-03	 1.357154e-02	-2.005359e-03	 4.645161e-02	-6.492895e-04	-1.007295e-03	 5.123895e-03	-1.137169e-03	 9.429791e-03	 7.440251e-02	 7.527491e-06	-2.793814e-06	 2.386341e-05	-1.146080e-04	-5.848751e-05	-1.111134e-04	 1.949202e-03	 2.363354e-03	 1.571448e-04	 1.647571e-03	 1.594788e-06	 2.603524e-06	-3.096202e-07	 2.043968e-05	-2.556172e-04	
 3.289337e-09	 4.864879e-08	 3.559260e-07	 3.211402e-07	 2.181086e-08	 1.119494e-07	-7.269998e-07	 7.045347e-07	-2.313788e-07	-4.963276e-08	-2.265101e-09	 1.719483e-07	 1.572550e-08	 3.952503e-08	 1.826415e-08	 4.710803e-08	 1.483643e-07	-3.216070e-07	-4.445233e-07	-1.027621e-07	 1.762519e-07	 1.122295e-07	 1.091725e-07	-2.784078e-09	 3.012586e-08	 4.149263e-10	-2.722096e-07	-7.011579e-05	 1.010849e-06	 9.834393e-05	 3.533021e-03	-1.676316e-04	 1.701373e-04	 1.866573e-04	-6.287163e-05	 1.997917e-04	-2.266025e-04	-1.695821e-04	-2.538619e-04	-4.301403e-07	-9.810306e-07	 1.224161e-06	-9.083768e-08	 5.104992e-06	 7.527491e-06	 3.665664e-07	-1.099419e-08	-5.570527e-08	 1.293420e-07	-1.942727e-07	-4.280776e-06	-3.407384e-05	-3.574068e-05	-3.025096e-06	 4.454158e-06	-3.177048e-08	-3.541386e-08	-2.166094e-09	 7.045722e-07	 2.329216e-07	
