#          omega_b,        omega_cdm,                h,     ln10^{10}A_s,              n_s,         tau_reio,              yp2,            Kappa, Dl_Poisson_90x90, Dl_Poisson_90x150, Dl_Poisson_90x220, Dl_Poisson_150x150, Dl_Poisson_150x220, Dl_Poisson_220x220,     ADust_TE_150,     AlphaDust_TE,     ADust_EE_150,     AlphaDust_EE,        MapTcal90,       MapTcal150,       MapTcal220,        MapPcal90,       MapPcal150,       MapPcal220,        A_cib_217,        xi_sz_cib,             A_sz,     ps_A_100_100,     ps_A_143_143,     ps_A_143_217,     ps_A_217_217,         ksz_norm,     gal545_A_100,     gal545_A_143, gal545_A_143_217,     gal545_A_217,    galf_TE_A_100, galf_TE_A_100_143, galf_TE_A_100_217,    galf_TE_A_143, galf_TE_A_143_217,    galf_TE_A_217,       calib_100T,       calib_217T,         A_planck,           sigma8,          Omega_m,     Omega_Lambda,              age,           rs_rec,             rs_d,           da_rec,            z_rec,           ds_rec,             ds_d,      100*theta_s,           z_reio,              YHe,               H0,              A_s
 2.164119e-08	-9.657986e-08	 5.699862e-07	 6.886352e-08	 8.051663e-08	 1.352886e-07	 5.259232e-08	 1.402252e-09	-9.426719e-08	 1.094725e-10	 1.526741e-08	-2.641997e-09	-4.336190e-09	 2.711000e-08	-1.741896e-06	-1.988030e-08	 3.421233e-08	 8.149289e-08	-2.480924e-08	-3.156762e-08	-2.179287e-08	-2.163872e-08	-2.200333e-08	-3.984878e-08	 2.963658e-04	 3.198663e-07	 6.821818e-06	-9.144978e-04	 1.036325e-03	-3.298207e-04	 1.574433e-03	 2.190277e-07	 1.419541e-06	 6.735035e-06	-1.074198e-04	 9.208622e-05	-9.254349e-08	-5.721136e-08	-1.885323e-07	-1.307112e-07	-5.605245e-07	-2.266789e-06	 1.258848e-09	 1.206655e-09	-4.236886e-08	-3.568466e-07	-6.742189e-07	 6.743499e-07	-3.025938e-06	 7.970202e-06	 1.571739e-06	 9.452190e-07	-2.892727e-05	 1.084366e-08	-4.149686e-09	 7.809062e-09	 8.370880e-06	 9.209249e-09	 5.699862e-05	 1.414188e-16	
-9.657986e-08	 1.828403e-06	-7.845299e-06	-3.021334e-06	-3.604618e-06	-3.881895e-06	 7.612448e-08	 7.799617e-10	 8.196914e-07	-4.592475e-08	-2.122479e-08	-7.744391e-09	-6.898125e-08	-5.799504e-07	 3.720119e-06	-7.537129e-07	-4.162779e-07	-1.707367e-07	-8.000210e-08	-1.392388e-09	-2.059888e-09	 9.071585e-10	 2.908034e-08	 3.122921e-07	-8.751587e-03	 4.797679e-06	 7.564785e-06	 1.412036e-02	-1.854663e-02	-3.031842e-03	-9.809881e-03	-1.058153e-05	-6.706702e-06	-1.134212e-04	-2.952239e-04	 5.406384e-04	 1.410923e-06	-2.972369e-07	-7.786852e-07	-8.734992e-07	 2.944317e-06	 1.703549e-05	-4.180319e-09	-1.095474e-08	-1.295797e-07	 4.171949e-06	 1.081857e-05	-1.082037e-05	 2.256881e-05	-3.970352e-04	-3.792780e-04	-3.613195e-05	 2.240270e-04	-3.916720e-07	-3.459932e-07	-1.193917e-07	-3.582127e-04	-4.108580e-08	-7.845299e-04	-6.288186e-15	
 5.699862e-07	-7.845299e-06	 3.608380e-05	 1.245431e-05	 1.450333e-05	 1.608089e-05	 7.151627e-08	 1.433668e-07	-4.069234e-06	 4.343386e-08	 2.700422e-07	-1.634626e-08	 1.328620e-07	 2.546325e-06	-3.050869e-05	 2.720635e-06	 1.947138e-06	 6.710532e-08	 2.502720e-07	-2.927275e-08	-2.675598e-08	-3.981781e-07	-5.053414e-07	-1.767512e-06	 3.296864e-02	-8.944178e-06	 5.298838e-05	-6.731248e-02	 7.473189e-02	 9.397010e-03	 4.584282e-02	 2.696249e-05	 3.321982e-05	 4.769163e-04	 2.179402e-04	-1.884172e-03	-6.884349e-06	 4.282250e-07	 1.664152e-06	 1.726412e-06	-1.700310e-05	-8.011464e-05	 2.249520e-08	 4.969569e-08	 2.051881e-07	-1.876547e-05	-4.824829e-05	 4.825659e-05	-1.226097e-04	 1.581345e-03	 1.453802e-03	 1.424815e-04	-1.122094e-03	 1.588024e-06	 1.273715e-06	 8.118140e-07	 1.447632e-03	 2.425050e-07	 3.608380e-03	 2.588981e-14	
 6.886352e-08	-3.021334e-06	 1.245431e-05	 3.307239e-04	 1.996180e-05	 1.619686e-04	-1.335321e-06	-2.177747e-07	-1.360844e-06	-1.961059e-06	-5.260421e-07	-2.541231e-07	 1.870637e-06	 1.437177e-05	 1.755623e-04	 6.625218e-06	-1.110792e-09	 3.830593e-06	-4.027838e-07	-2.291372e-06	-2.525159e-08	 1.175535e-05	 1.254570e-05	 1.376355e-05	 1.460475e-01	-1.189993e-04	-1.257618e-03	-2.268940e-01	 1.342288e-01	 2.058802e-01	 1.415774e-01	 2.040230e-03	 1.455842e-04	-5.847205e-04	 4.426959e-03	-2.382698e-02	 4.706944e-06	 1.355174e-05	 1.878797e-05	 1.252568e-05	 2.651231e-05	 2.890683e-05	 1.936781e-08	 1.221664e-07	 3.416165e-06	 1.288794e-04	-1.741006e-05	 1.741286e-05	-2.993509e-05	 7.299156e-04	 7.432670e-04	 6.422413e-05	-2.769471e-04	 7.036790e-07	 7.275357e-07	 2.703717e-07	 1.693747e-02	 2.935077e-08	 1.245431e-03	 6.862042e-13	
 8.051663e-08	-3.604618e-06	 1.450333e-05	 1.996180e-05	 3.105818e-05	 2.025957e-05	 1.272795e-06	-6.663959e-08	-3.113867e-06	-1.847137e-07	-1.674823e-07	 7.870064e-08	-5.593458e-07	-1.269105e-07	 1.188856e-05	-6.223387e-06	 2.461410e-06	-7.163913e-06	 1.223814e-06	 4.625737e-07	 1.035008e-06	 5.304140e-07	 7.189643e-07	 1.037854e-06	 5.662065e-02	 3.404555e-05	 2.059420e-04	-5.638489e-02	 6.442871e-03	-9.020370e-02	 3.094775e-02	-2.583430e-04	-1.248464e-04	 3.596491e-04	-1.077042e-03	 5.100163e-03	-3.990209e-06	 6.539495e-07	 2.390245e-06	 1.970561e-06	 4.267362e-06	 1.355063e-05	-4.924719e-08	 1.799114e-08	-3.943370e-06	 5.304497e-06	-2.073677e-05	 2.074011e-05	-3.297703e-05	 8.688698e-04	 8.711018e-04	 7.732384e-05	-3.282871e-04	 8.373515e-07	 8.332379e-07	 2.490133e-07	 2.053755e-03	 3.425380e-08	 1.450333e-03	 4.153730e-14	
 1.352886e-07	-3.881895e-06	 1.608089e-05	 1.619686e-04	 2.025957e-05	 8.720419e-05	 7.140982e-07	-1.640763e-07	-2.735657e-06	-1.020531e-06	-2.057589e-07	-1.997805e-07	 6.456779e-07	 7.041332e-06	 9.236332e-05	 4.157028e-07	 1.303251e-06	-4.933982e-07	-4.234268e-07	-1.599440e-06	-1.711106e-07	 3.413139e-06	 3.734981e-06	 4.323269e-06	 9.297533e-02	-6.316740e-05	-5.662667e-04	-1.362863e-01	 8.482761e-02	 8.261285e-02	 8.109719e-02	 9.678210e-04	 8.968528e-05	-8.185984e-05	 1.930489e-03	-7.655057e-03	-2.668814e-08	 7.047321e-06	 1.001753e-05	 6.015694e-06	 1.236224e-05	-9.397717e-06	 1.307130e-08	 6.155407e-08	-1.404597e-06	 5.788767e-05	-2.250764e-05	 2.251130e-05	-4.073419e-05	 8.989126e-04	 8.906692e-04	 8.070386e-05	-4.037281e-04	 8.741854e-07	 8.455879e-07	 2.614344e-07	 9.068966e-03	 5.757292e-08	 1.608089e-03	 3.360240e-13	
 5.259232e-08	 7.612448e-08	 7.151627e-08	-1.335321e-06	 1.272795e-06	 7.140982e-07	 1.694470e-05	-3.690413e-08	-4.567914e-07	-9.012249e-08	 2.226988e-07	-9.863263e-08	-1.354938e-07	 2.712483e-07	 9.811362e-06	-7.599043e-07	 8.470885e-07	-8.370795e-08	-3.386366e-07	-6.721652e-07	-2.924440e-07	-9.295346e-07	-8.155439e-07	-6.787517e-07	 2.117301e-03	 1.396396e-06	-7.058907e-05	-1.390846e-02	-5.762215e-03	-1.467905e-02	 1.186904e-02	 7.762994e-05	-4.057318e-05	-2.621166e-05	-7.850852e-04	 3.037305e-03	-1.698896e-06	-6.031278e-07	-3.473170e-07	 2.464935e-06	-5.205620e-06	-9.012708e-06	 3.411789e-08	 9.211074e-09	-1.246884e-06	-1.380334e-07	 2.208584e-07	-2.208433e-07	-4.142427e-06	-6.109345e-05	-7.896176e-05	-4.319190e-06	-4.912894e-05	-5.007498e-08	-9.101709e-08	-3.976983e-08	 6.943424e-05	 2.237367e-08	 7.151627e-06	-2.814682e-15	
 1.402252e-09	 7.799617e-10	 1.433668e-07	-2.177747e-07	-6.663959e-08	-1.640763e-07	-3.690413e-08	 1.250503e-07	 9.878336e-09	-6.317930e-09	-2.495877e-08	-1.345451e-08	-3.965419e-08	-1.368815e-08	-6.384702e-07	 1.009897e-07	-1.222138e-08	-2.871645e-07	-5.283088e-08	-1.108615e-07	-9.720056e-08	 1.921324e-07	 1.851821e-07	 1.339965e-07	-6.840986e-04	 8.022194e-07	 1.260760e-05	-1.079528e-03	-4.388597e-04	 2.849311e-04	-1.320834e-03	-6.952767e-06	 9.765476e-06	-8.455663e-06	-2.176182e-05	-4.752425e-05	-1.931890e-07	-1.731244e-07	-1.409201e-07	 8.783409e-08	 3.310871e-08	 1.953793e-06	 4.630823e-10	-4.191268e-09	 3.803695e-08	-7.475828e-08	-1.249666e-07	 1.249998e-07	-1.336350e-06	-1.303224e-06	-1.784722e-06	-5.861978e-07	-1.406057e-06	-1.025328e-09	-2.133578e-09	 3.982446e-08	-1.729836e-05	 5.976858e-10	 1.433668e-05	-4.549368e-16	
-9.426719e-08	 8.196914e-07	-4.069234e-06	-1.360844e-06	-3.113867e-06	-2.735657e-06	-4.567914e-07	 9.878336e-09	 1.545358e-04	-2.448179e-07	 2.764477e-07	-2.454726e-07	-1.521936e-06	 6.331234e-08	 1.905921e-05	 1.598189e-05	 4.491551e-06	-9.232193e-06	-3.574615e-07	-3.374883e-08	-7.826362e-07	 9.497444e-07	 1.855459e-07	-8.681275e-07	-1.915110e-02	 3.539624e-05	 4.418802e-05	 2.373955e-02	 4.203561e-02	-1.461266e-02	-6.362540e-02	-2.822431e-04	-7.947214e-04	 8.889329e-05	-4.438934e-03	-1.332066e-03	-6.872661e-07	 4.005409e-07	-3.096663e-06	 1.332954e-05	 2.807548e-06	-6.046656e-05	 2.337934e-07	 7.218775e-08	 1.143686e-06	 1.533383e-06	 5.275317e-06	-5.276250e-06	 1.649444e-05	-1.372452e-04	-1.124728e-04	-1.283885e-05	 1.532169e-04	-1.446315e-07	-8.545424e-08	-8.505993e-08	-2.625558e-04	-4.016312e-08	-4.069234e-04	-2.809526e-15	
 1.094725e-10	-4.592475e-08	 4.343386e-08	-1.961059e-06	-1.847137e-07	-1.020531e-06	-9.012249e-08	-6.317930e-09	-2.448179e-07	 2.957049e-05	 6.727642e-08	 4.915117e-08	 1.152545e-07	-8.438477e-07	-3.393115e-06	 8.847683e-07	-1.094905e-06	 1.208787e-06	-9.788097e-09	 3.564399e-08	 1.946626e-07	 2.020630e-07	 1.211626e-07	 1.293534e-07	 5.009721e-04	-2.046048e-05	-1.124601e-04	 6.363727e-03	 1.020543e-02	-1.219725e-03	 4.712747e-03	 8.339171e-05	-5.848924e-05	 2.051190e-05	-3.395680e-04	-6.302537e-04	-1.645643e-06	 3.679677e-07	 5.576775e-07	 1.084677e-06	 6.578248e-06	-1.763984e-06	-2.993202e-08	 2.551336e-08	 1.044436e-07	-1.056446e-06	-1.154015e-07	 1.154100e-07	 9.013818e-07	 1.196819e-05	 1.221273e-05	 1.562804e-06	-3.048661e-06	 1.136943e-08	 1.178893e-08	-3.848870e-08	-1.056757e-04	 2.665367e-11	 4.343386e-06	-4.103634e-15	
 1.526741e-08	-2.122479e-08	 2.700422e-07	-5.260421e-07	-1.674823e-07	-2.057589e-07	 2.226988e-07	-2.495877e-08	 2.764477e-07	 6.727642e-08	 2.231171e-05	-2.615038e-08	-4.205287e-07	 1.480601e-06	-4.212464e-07	 2.891371e-08	 6.438035e-07	-3.731849e-08	 4.841251e-08	-2.432178e-09	-8.485134e-09	-2.766103e-07	-3.495553e-08	 3.312310e-08	-7.517111e-03	 7.406840e-06	 1.241103e-05	 3.312310e-03	 5.241901e-03	 2.335838e-03	-4.861639e-03	 2.195769e-05	-1.057092e-04	 1.101912e-04	-2.262728e-04	-1.166335e-03	 1.379765e-06	 1.956774e-06	 3.323185e-07	 3.821085e-06	-1.288169e-06	-2.883667e-06	 2.855123e-08	-2.956132e-09	-3.557747e-08	-3.802807e-07	-2.580155e-07	 2.580768e-07	-2.245279e-06	-6.548422e-06	-1.145235e-05	-5.794343e-07	-1.722486e-05	-3.907746e-09	-1.525814e-08	 1.665776e-08	-2.040917e-05	 6.498862e-09	 2.700422e-05	-1.125830e-15	
-2.641997e-09	-7.744391e-09	-1.634626e-08	-2.541231e-07	 7.870064e-08	-1.997805e-07	-9.863263e-08	-1.345451e-08	-2.454726e-07	 4.915117e-08	-2.615038e-08	 1.190457e-05	 1.816787e-07	-4.411754e-07	 2.347222e-06	-2.427194e-07	-2.575637e-07	 1.231764e-06	-1.656180e-08	-1.468321e-07	-4.005542e-07	-4.853124e-08	 2.850861e-08	-4.672778e-07	 1.093155e-03	 8.225759e-06	-2.445157e-05	 2.557102e-03	 5.362249e-04	 2.469028e-03	-2.933318e-03	 2.253012e-05	-1.537741e-05	-9.914418e-05	 3.443139e-04	 6.574009e-04	-2.372730e-07	-4.178046e-07	-1.955258e-06	-7.964056e-07	-8.632827e-07	 7.913008e-06	-3.371709e-08	-4.526864e-09	-1.692908e-08	-1.001794e-07	-6.469482e-09	 6.463619e-09	 4.316688e-07	 4.113017e-06	 5.024457e-06	 4.128208e-07	 2.154918e-06	 3.511220e-09	 5.581261e-09	-6.199641e-09	-2.031757e-05	-1.117858e-09	-1.634626e-06	-5.377252e-16	
-4.336190e-09	-6.898125e-08	 1.328620e-07	 1.870637e-06	-5.593458e-07	 6.456779e-07	-1.354938e-07	-3.965419e-08	-1.521936e-06	 1.152545e-07	-4.205287e-07	 1.816787e-07	 3.294105e-05	-1.736784e-07	-8.602954e-06	 4.761011e-06	-1.194778e-06	 7.708894e-07	 1.536223e-07	 1.939001e-07	 1.017398e-07	 3.111882e-07	 5.096910e-08	 2.197324e-07	 6.187516e-04	 9.375228e-07	-6.567112e-05	 1.556957e-02	 8.419608e-04	-6.171245e-03	-3.809991e-03	 9.903660e-05	 7.957814e-05	 5.446793e-05	 1.760795e-04	-4.492006e-04	 9.610882e-07	-1.066065e-06	-2.697992e-06	-1.936018e-07	-1.766928e-06	 4.227079e-06	-4.632534e-08	-1.075096e-09	 2.650813e-07	 3.448287e-07	-2.890562e-07	 2.890872e-07	 8.026093e-07	 2.122800e-05	 2.320200e-05	 2.141975e-06	-3.644509e-07	 1.952381e-08	 2.389496e-08	-2.187436e-08	 7.085121e-05	-1.820920e-09	 1.328620e-05	 3.852015e-15	
 2.711000e-08	-5.799504e-07	 2.546325e-06	 1.437177e-05	-1.269105e-07	 7.041332e-06	 2.712483e-07	-1.368815e-08	 6.331234e-08	-8.438477e-07	 1.480601e-06	-4.411754e-07	-1.736784e-07	 2.085886e-04	 1.358886e-05	 1.298511e-06	 3.517484e-06	 1.157402e-05	 5.182305e-07	 1.909552e-07	-5.231966e-07	 1.244458e-06	 1.098861e-06	 1.977499e-06	-1.868826e-02	-4.544174e-05	 1.148125e-05	 1.058086e-01	-4.876046e-02	 5.831703e-02	 5.822038e-02	-4.821764e-04	 5.131058e-05	-4.468026e-04	 5.022943e-03	-1.469350e-03	-6.714361e-07	-7.355211e-09	-6.463886e-06	 2.919217e-06	-2.599602e-06	 2.853390e-05	-4.123306e-08	 1.417208e-07	-6.985791e-08	 3.698416e-06	-3.484927e-06	 3.485502e-06	-7.538825e-06	 1.291462e-04	 1.252809e-04	 1.140610e-05	-6.711243e-05	 1.266894e-07	 1.162548e-07	 6.168449e-08	 7.595114e-04	 1.144022e-08	 2.546325e-04	 2.965658e-14	
-1.741896e-06	 3.720119e-06	-3.050869e-05	 1.755623e-04	 1.188856e-05	 9.236332e-05	 9.811362e-06	-6.384702e-07	 1.905921e-05	-3.393115e-06	-4.212464e-07	 2.347222e-06	-8.602954e-06	 1.358886e-05	 6.110996e-03	 2.847722e-05	 7.708943e-06	 1.155019e-05	-1.054193e-07	-5.867972e-06	-8.357474e-06	 5.009269e-06	 5.276417e-06	 4.559768e-06	-6.770451e-01	-3.160868e-04	 5.143096e-04	 6.982512e-01	 1.251082e-01	-7.822934e-01	-1.262863e+00	 3.080229e-03	 2.990667e-03	-8.858264e-04	 2.255083e-02	-9.088345e-02	 1.792517e-05	 2.571774e-05	 7.360609e-05	 5.093120e-05	 5.798884e-05	-9.998080e-05	-1.017108e-06	-5.827728e-07	-6.099615e-06	 9.518059e-05	 3.006040e-05	-3.006734e-05	 2.148596e-04	 3.854438e-04	 9.411198e-04	 1.251032e-05	 2.065537e-03	 1.013311e-07	 1.391881e-06	-2.213737e-07	 1.011571e-02	-7.428870e-07	-3.050869e-03	 3.656553e-13	
-1.988030e-08	-7.537129e-07	 2.720635e-06	 6.625218e-06	-6.223387e-06	 4.157028e-07	-7.599043e-07	 1.009897e-07	 1.598189e-05	 8.847683e-07	 2.891371e-08	-2.427194e-07	 4.761011e-06	 1.298511e-06	 2.847722e-05	 4.052152e-04	 1.524974e-06	-8.750904e-06	-6.289913e-07	-4.010587e-07	-1.017574e-06	 2.601203e-06	 1.977539e-06	 7.368955e-06	 9.103004e-03	-3.207767e-05	-7.414711e-04	 2.382932e-02	-7.729817e-03	 1.895462e-01	-5.929653e-02	 3.669052e-05	 4.765481e-04	-6.272517e-04	 7.104923e-03	-1.518368e-02	 1.990790e-07	 5.533431e-06	-1.506131e-05	 2.574190e-05	 3.774201e-06	 6.197580e-06	 2.999152e-07	 8.011505e-08	 3.919566e-06	-1.860390e-06	-4.029560e-06	 4.030177e-06	-2.937346e-06	 2.125457e-04	 2.247027e-04	 1.854142e-05	-3.122055e-05	 1.989063e-07	 2.248485e-07	 4.455900e-08	 1.041872e-04	-8.438746e-09	 2.720635e-04	 1.304209e-14	
 3.421233e-08	-4.162779e-07	 1.947138e-06	-1.110792e-09	 2.461410e-06	 1.303251e-06	 8.470885e-07	-1.222138e-08	 4.491551e-06	-1.094905e-06	 6.438035e-07	-2.575637e-07	-1.194778e-06	 3.517484e-06	 7.708943e-06	 1.524974e-06	 1.440045e-04	-1.818065e-06	 9.597472e-07	 1.371959e-07	-6.191732e-07	 7.748062e-08	 1.329190e-06	 3.570882e-06	 3.909260e-03	-1.152739e-05	-1.081615e-04	 5.655508e-03	-1.664198e-02	-6.899422e-02	-2.650818e-02	 2.087922e-04	 3.531571e-05	-2.177143e-05	-3.274442e-03	 4.497316e-03	-2.193641e-06	 2.341081e-06	 9.168241e-06	 1.297676e-06	 1.805386e-05	 5.436262e-05	-5.498737e-08	-7.039234e-08	-4.720181e-07	-7.965797e-07	-2.518767e-06	 2.519179e-06	-6.795469e-06	 8.131951e-05	 7.333645e-05	 7.460123e-06	-6.346426e-05	 8.239096e-08	 6.290527e-08	 3.665545e-08	 9.597027e-05	 1.454213e-08	 1.947138e-04	 1.977239e-16	
 8.149289e-08	-1.707367e-07	 6.710532e-08	 3.830593e-06	-7.163913e-06	-4.933982e-07	-8.370795e-08	-2.871645e-07	-9.232193e-06	 1.208787e-06	-3.731849e-08	 1.231764e-06	 7.708894e-07	 1.157402e-05	 1.155019e-05	-8.750904e-06	-1.818065e-06	 4.126438e-04	-1.687848e-06	-1.360328e-06	-2.737546e-06	 1.737999e-06	 1.443181e-06	 3.368157e-06	-2.424670e-02	-3.147940e-05	-1.645146e-04	 1.160152e-01	 1.252238e-03	 1.061314e-03	 1.650291e-01	 1.108238e-03	 6.400145e-04	-8.238276e-04	 1.023759e-02	-1.129140e-02	 1.639549e-05	-2.112292e-06	 7.701650e-06	-1.022256e-05	-2.451475e-05	-1.118129e-04	-2.825109e-07	 5.563059e-09	 6.987096e-07	-1.869337e-06	-3.534454e-07	 3.535206e-07	 1.675084e-06	-2.122520e-05	-4.697081e-05	 3.833489e-06	-9.607555e-05	-7.765596e-09	-6.753455e-08	-3.735221e-07	-5.188580e-05	 3.474591e-08	 6.710532e-06	 7.759254e-15	
-2.480924e-08	-8.000210e-08	 2.502720e-07	-4.027838e-07	 1.223814e-06	-4.234268e-07	-3.386366e-07	-5.283088e-08	-3.574615e-07	-9.788097e-09	 4.841251e-08	-1.656180e-08	 1.536223e-07	 5.182305e-07	-1.054193e-07	-6.289913e-07	 9.597472e-07	-1.687848e-06	 1.999076e-05	 9.838401e-06	 9.774114e-06	 4.020554e-06	 3.350351e-06	 2.990016e-06	-2.580493e-03	 1.751865e-05	 1.246286e-04	-1.600627e-02	-1.503118e-03	-9.478208e-03	 2.299619e-04	-1.380261e-04	-7.131127e-05	 9.758085e-05	 6.720014e-06	-1.221880e-03	 2.738469e-06	-3.547991e-07	 9.317798e-07	-1.975142e-06	-1.577619e-06	-3.890039e-06	 2.526612e-08	-1.844011e-09	 3.590727e-07	 1.100108e-07	-4.713707e-07	 4.714302e-07	 6.048763e-07	 4.006516e-05	 4.879375e-05	 2.587994e-06	 2.005217e-05	 3.431379e-08	 5.421203e-08	 5.764838e-08	-4.188633e-05	-1.053530e-08	 2.502720e-05	-8.000462e-16	
-3.156762e-08	-1.392388e-09	-2.927275e-08	-2.291372e-06	 4.625737e-07	-1.599440e-06	-6.721652e-07	-1.108615e-07	-3.374883e-08	 3.564399e-08	-2.432178e-09	-1.468321e-07	 1.939001e-07	 1.909552e-07	-5.867972e-06	-4.010587e-07	 1.371959e-07	-1.360328e-06	 9.838401e-06	 1.957985e-05	 9.681526e-06	 2.818027e-06	 4.013489e-06	 2.926259e-06	-4.978508e-03	 1.354150e-05	 8.196743e-05	-7.196501e-03	-1.013521e-02	-9.823427e-03	 3.393650e-03	-7.918024e-05	-4.810643e-05	 9.663554e-05	 7.290829e-04	-1.915813e-03	 1.745407e-06	-9.713762e-07	 1.086448e-06	-1.856021e-06	-2.192110e-06	 4.377792e-06	 1.351077e-08	 5.548046e-09	 4.730270e-07	-5.837034e-07	-5.807409e-08	 5.807193e-08	 1.141278e-06	 2.513163e-05	 3.540968e-05	 9.010107e-07	 3.238697e-05	 1.910536e-08	 4.276415e-08	 7.614482e-08	-1.591395e-04	-1.341681e-08	-2.927275e-06	-4.764595e-15	
-2.179287e-08	-2.059888e-09	-2.675598e-08	-2.525159e-08	 1.035008e-06	-1.711106e-07	-2.924440e-07	-9.720056e-08	-7.826362e-07	 1.946626e-07	-8.485134e-09	-4.005542e-07	 1.017398e-07	-5.231966e-07	-8.357474e-06	-1.017574e-06	-6.191732e-07	-2.737546e-06	 9.774114e-06	 9.681526e-06	 3.633820e-05	 2.363207e-06	 2.686826e-06	 3.544036e-06	 2.101127e-03	 1.860133e-05	-7.341834e-05	-2.987961e-02	-4.102152e-03	-6.386994e-04	-1.819185e-03	 1.060979e-05	-5.711623e-05	 1.268739e-04	 1.824441e-06	-1.574557e-03	 3.431362e-06	 2.394743e-06	-8.685075e-06	 2.955483e-06	-3.044812e-08	-1.614717e-05	 1.082751e-07	-1.899960e-09	 1.509347e-07	 4.324922e-07	-2.744884e-08	 2.744305e-08	 8.919926e-07	 1.773797e-05	 2.494467e-05	 7.042790e-07	 2.233197e-05	 1.354438e-08	 3.013988e-08	 4.862317e-08	-1.681266e-05	-9.270444e-09	-2.675598e-06	-3.691299e-17	
-2.163872e-08	 9.071585e-10	-3.981781e-07	 1.175535e-05	 5.304140e-07	 3.413139e-06	-9.295346e-07	 1.921324e-07	 9.497444e-07	 2.020630e-07	-2.766103e-07	-4.853124e-08	 3.111882e-07	 1.244458e-06	 5.009269e-06	 2.601203e-06	 7.748062e-08	 1.737999e-06	 4.020554e-06	 2.818027e-06	 2.363207e-06	 1.485526e-05	 5.762492e-06	 6.017740e-06	 4.987879e-04	 4.244599e-06	 1.597996e-05	-4.537716e-03	 1.158777e-03	 4.297397e-03	 1.629065e-03	-7.979213e-05	-3.142856e-05	 4.388986e-06	 3.902786e-04	-3.407875e-03	 1.122817e-06	 4.025629e-07	-6.188877e-08	 1.182218e-06	 8.647649e-07	 1.275364e-05	 4.429230e-09	 3.891501e-08	 1.654524e-06	 4.934541e-06	 3.174309e-07	-3.175225e-07	 4.123566e-06	 1.694160e-05	 2.437095e-05	 1.965182e-06	 2.231581e-05	 1.282117e-08	 2.995422e-08	-5.999845e-08	 3.610839e-04	-9.199946e-09	-3.981781e-05	 2.442271e-14	
-2.200333e-08	 2.908034e-08	-5.053414e-07	 1.254570e-05	 7.189643e-07	 3.734981e-06	-8.155439e-07	 1.851821e-07	 1.855459e-07	 1.211626e-07	-3.495553e-08	 2.850861e-08	 5.096910e-08	 1.098861e-06	 5.276417e-06	 1.977539e-06	 1.329190e-06	 1.443181e-06	 3.350351e-06	 4.013489e-06	 2.686826e-06	 5.762492e-06	 1.128312e-05	 6.253043e-06	 1.196586e-03	 5.172629e-06	 2.120518e-05	-6.803381e-03	-4.790005e-04	 1.068504e-03	 2.429602e-03	-1.263726e-04	-2.102708e-05	-1.631226e-05	 3.582703e-04	-3.349857e-03	 7.875578e-07	 1.452398e-07	-1.245189e-07	 1.359898e-07	-1.291358e-06	 9.982073e-06	 1.846354e-08	 1.541976e-08	 1.589587e-06	 5.412088e-06	 4.707402e-07	-4.708542e-07	 4.311925e-06	 9.853818e-06	 1.722225e-05	 1.316699e-06	 2.465523e-05	 6.031735e-09	 2.310362e-08	-6.025993e-08	 3.912787e-04	-9.359049e-09	-5.053414e-05	 2.609875e-14	
-3.984878e-08	 3.122921e-07	-1.767512e-06	 1.376355e-05	 1.037854e-06	 4.323269e-06	-6.787517e-07	 1.339965e-07	-8.681275e-07	 1.293534e-07	 3.312310e-08	-4.672778e-07	 2.197324e-07	 1.977499e-06	 4.559768e-06	 7.368955e-06	 3.570882e-06	 3.368157e-06	 2.990016e-06	 2.926259e-06	 3.544036e-06	 6.017740e-06	 6.253043e-06	 6.445785e-05	 6.004543e-03	 1.013027e-05	-1.653243e-04	 1.964926e-02	 2.908958e-04	 5.522426e-04	-1.627429e-02	-1.843929e-05	 6.402880e-05	 7.226742e-05	 2.496363e-03	-6.823952e-03	 1.829337e-06	 3.110763e-07	 8.820563e-06	 1.622808e-06	-1.006113e-06	-1.931324e-05	-5.733223e-08	 8.054596e-08	 1.373960e-06	 7.013100e-06	 2.173152e-06	-2.173550e-06	 8.294885e-06	-4.936625e-05	-3.821449e-05	-4.042411e-06	 6.215506e-05	-5.290024e-08	-2.637617e-08	-8.447813e-08	 4.677072e-04	-1.693242e-08	-1.767512e-04	 2.860733e-14	
 2.963658e-04	-8.751587e-03	 3.296864e-02	 1.460475e-01	 5.662065e-02	 9.297533e-02	 2.117301e-03	-6.840986e-04	-1.915110e-02	 5.009721e-04	-7.517111e-03	 1.093155e-03	 6.187516e-04	-1.868826e-02	-6.770451e-01	 9.103004e-03	 3.909260e-03	-2.424670e-02	-2.580493e-03	-4.978508e-03	 2.101127e-03	 4.987879e-04	 1.196586e-03	 6.004543e-03	 2.600193e+03	 1.889372e-01	 5.773103e-02	-4.188160e+02	 1.096067e+03	 2.462687e+02	-9.181108e+02	-2.887476e+00	 9.128386e-02	-5.341068e-01	 1.509206e+01	-9.180153e+01	-2.050910e-02	 1.709226e-03	-6.216406e-02	 6.653706e-02	 3.524032e-02	 3.199060e-01	 7.211431e-05	-3.756983e-04	-4.502115e-03	 4.516165e-02	-4.786200e-02	 4.786954e-02	-6.257979e-02	 2.027915e+00	 2.003519e+00	 1.933245e-01	-8.963974e-01	 1.970311e-03	 1.892300e-03	-3.443627e-04	 9.605033e+00	 1.255542e-04	 3.296864e+00	 3.038501e-10	
 3.198663e-07	 4.797679e-06	-8.944178e-06	-1.189993e-04	 3.404555e-05	-6.316740e-05	 1.396396e-06	 8.022194e-07	 3.539624e-05	-2.046048e-05	 7.406840e-06	 8.225759e-06	 9.375228e-07	-4.544174e-05	-3.160868e-04	-3.207767e-05	-1.152739e-05	-3.147940e-05	 1.751865e-05	 1.354150e-05	 1.860133e-05	 4.244599e-06	 5.172629e-06	 1.013027e-05	 1.889372e-01	 8.378939e-02	 3.162967e-03	-7.767193e-01	-4.754546e-02	-5.938035e-01	-6.810334e-01	-9.663551e-03	 6.223714e-03	-5.496507e-03	-5.274585e-02	-1.809304e-02	 1.887198e-04	 6.434876e-05	 2.119180e-04	-2.209374e-04	-2.151176e-04	 1.166645e-03	-1.164088e-06	-3.133385e-06	-1.670186e-06	-2.062896e-05	 1.865808e-05	-1.865996e-05	-6.072450e-05	-1.495119e-03	-1.641237e-03	-1.518344e-04	-3.719079e-06	-1.371732e-06	-1.695787e-06	 1.643410e-06	-6.628270e-03	 1.359515e-07	-8.944178e-04	-2.463682e-13	
 6.821818e-06	 7.564785e-06	 5.298838e-05	-1.257618e-03	 2.059420e-04	-5.662667e-04	-7.058907e-05	 1.260760e-05	 4.418802e-05	-1.124601e-04	 1.241103e-05	-2.445157e-05	-6.567112e-05	 1.148125e-05	 5.143096e-04	-7.414711e-04	-1.081615e-04	-1.645146e-04	 1.246286e-04	 8.196743e-05	-7.341834e-05	 1.597996e-05	 2.120518e-05	-1.653243e-04	 5.773103e-02	 3.162967e-03	 4.303827e+00	-3.629219e+00	-2.374623e+00	-5.807705e+00	 3.497762e+00	-3.554048e+00	 4.790525e-02	 4.045862e-02	-6.817420e-01	 5.743475e-01	-7.337708e-04	 2.578725e-04	-1.496115e-03	-2.153094e-04	-3.918846e-05	-3.052167e-03	-1.041059e-05	-1.281197e-05	-4.958445e-05	-4.399336e-04	-1.387345e-05	 1.388652e-05	-8.597253e-04	-7.285472e-03	-9.641309e-03	-6.276615e-04	-6.523414e-03	-5.888256e-06	-1.129767e-05	 5.134936e-06	-6.161189e-02	 2.904082e-06	 5.298838e-03	-2.596442e-12	
-9.144978e-04	 1.412036e-02	-6.731248e-02	-2.268940e-01	-5.638489e-02	-1.362863e-01	-1.390846e-02	-1.079528e-03	 2.373955e-02	 6.363727e-03	 3.312310e-03	 2.557102e-03	 1.556957e-02	 1.058086e-01	 6.982512e-01	 2.382932e-02	 5.655508e-03	 1.160152e-01	-1.600627e-02	-7.196501e-03	-2.987961e-02	-4.537716e-03	-6.803381e-03	 1.964926e-02	-4.188160e+02	-7.767193e-01	-3.629219e+00	 1.285792e+04	 9.743283e+02	-2.011972e+02	 1.408051e+03	 1.854601e+00	-1.877184e+00	 2.096613e+00	-7.156070e+01	 1.250687e+02	 2.717510e-02	 4.640382e-03	-5.228590e-02	 6.995159e-02	 1.104850e-01	 4.050935e-01	 1.159648e-03	 1.110731e-03	 4.176516e-03	-5.922037e-02	 8.904153e-02	-8.905675e-02	 2.384648e-01	-2.937425e+00	-2.752936e+00	-2.510981e-01	 1.910996e+00	-2.928806e-03	-2.467822e-03	-2.447566e-03	-1.355050e+01	-3.899500e-04	-6.731248e+00	-4.730141e-10	
 1.036325e-03	-1.854663e-02	 7.473189e-02	 1.342288e-01	 6.442871e-03	 8.482761e-02	-5.762215e-03	-4.388597e-04	 4.203561e-02	 1.020543e-02	 5.241901e-03	 5.362249e-04	 8.419608e-04	-4.876046e-02	 1.251082e-01	-7.729817e-03	-1.664198e-02	 1.252238e-03	-1.503118e-03	-1.013521e-02	-4.102152e-03	 1.158777e-03	-4.790005e-04	 2.908958e-04	 1.096067e+03	-4.754546e-02	-2.374623e+00	 9.743283e+02	 1.020719e+04	 4.605610e+03	 1.365909e+02	-1.470019e+00	 4.204807e+00	-5.216738e+00	 4.723274e+01	-7.565914e+01	 1.818976e-04	 2.174523e-02	-3.538783e-02	 3.088226e-02	 3.235365e-03	-7.573013e-02	 2.601350e-04	-5.182352e-04	 1.297653e-02	-1.198795e-02	-1.044824e-01	 1.044994e-01	-1.867461e-01	 3.975295e+00	 3.777463e+00	 3.823172e-01	-2.323080e+00	 3.931879e-03	 3.429107e-03	-3.998163e-04	 8.463361e+00	 4.406675e-04	 7.473189e+00	 2.791648e-10	
-3.298207e-04	-3.031842e-03	 9.397010e-03	 2.058802e-01	-9.020370e-02	 8.261285e-02	-1.467905e-02	 2.849311e-04	-1.461266e-02	-1.219725e-03	 2.335838e-03	 2.469028e-03	-6.171245e-03	 5.831703e-02	-7.822934e-01	 1.895462e-01	-6.899422e-02	 1.061314e-03	-9.478208e-03	-9.823427e-03	-6.386994e-04	 4.297397e-03	 1.068504e-03	 5.522426e-04	 2.462687e+02	-5.938035e-01	-5.807705e+00	-2.011972e+02	 4.605610e+03	 1.172998e+04	 2.853069e+03	 6.677352e+00	 2.509325e+00	-6.826141e+00	 1.563878e+02	-3.630426e+02	 1.854964e-02	-5.210123e-02	 2.872016e-02	-5.823357e-02	-2.987468e-02	-2.009668e-02	 2.809304e-04	-1.351877e-03	 2.651154e-02	 4.426507e-02	-1.326899e-02	 1.327069e-02	 1.206495e-02	 1.070711e+00	 1.209505e+00	 9.011832e-02	 1.341330e-01	 9.668796e-04	 1.277630e-03	 2.128513e-04	 9.196913e+00	-1.406723e-04	 9.397010e-01	 4.217980e-10	
 1.574433e-03	-9.809881e-03	 4.584282e-02	 1.415774e-01	 3.094775e-02	 8.109719e-02	 1.186904e-02	-1.320834e-03	-6.362540e-02	 4.712747e-03	-4.861639e-03	-2.933318e-03	-3.809991e-03	 5.822038e-02	-1.262863e+00	-5.929653e-02	-2.650818e-02	 1.650291e-01	 2.299619e-04	 3.393650e-03	-1.819185e-03	 1.629065e-03	 2.429602e-03	-1.627429e-02	-9.181108e+02	-6.810334e-01	 3.497762e+00	 1.408051e+03	 1.365909e+02	 2.853069e+03	 1.150285e+04	 2.586462e+00	 2.840295e+00	-1.018370e+00	-1.595054e+01	 7.185188e+01	 3.315555e-02	-2.841443e-02	-2.977939e-02	-3.446374e-02	 4.491330e-02	 1.595768e-01	-1.609694e-03	 7.888681e-04	-9.695203e-03	 2.470323e-02	-5.732625e-02	 5.733674e-02	-1.802969e-01	 1.320566e+00	 8.833378e-01	 1.587528e-01	-2.298028e+00	 1.491924e-03	 4.591615e-04	-1.273998e-03	 7.787641e+00	 6.698822e-04	 4.584282e+00	 2.974537e-10	
 2.190277e-07	-1.058153e-05	 2.696249e-05	 2.040230e-03	-2.583430e-04	 9.678210e-04	 7.762994e-05	-6.952767e-06	-2.822431e-04	 8.339171e-05	 2.195769e-05	 2.253012e-05	 9.903660e-05	-4.821764e-04	 3.080229e-03	 3.669052e-05	 2.087922e-04	 1.108238e-03	-1.380261e-04	-7.918024e-05	 1.060979e-05	-7.979213e-05	-1.263726e-04	-1.843929e-05	-2.887476e+00	-9.663551e-03	-3.554048e+00	 1.854601e+00	-1.470019e+00	 6.677352e+00	 2.586462e+00	 7.626330e+00	-1.576401e-02	 3.109891e-03	 5.294138e-01	-1.422307e+00	 1.431569e-03	-1.033965e-03	 3.781716e-03	-1.125527e-03	 1.152226e-03	-8.151235e-03	 3.528541e-06	 2.682255e-06	 1.479699e-05	 7.042186e-04	-4.842545e-05	 4.843131e-05	 3.853630e-05	 2.491824e-03	 2.577922e-03	 2.729091e-04	-9.242816e-04	 2.398023e-06	 2.577954e-06	-3.491992e-06	 1.015934e-01	 8.994708e-08	 2.696249e-03	 4.233758e-12	
 1.419541e-06	-6.706702e-06	 3.321982e-05	 1.455842e-04	-1.248464e-04	 8.968528e-05	-4.057318e-05	 9.765476e-06	-7.947214e-04	-5.848924e-05	-1.057092e-04	-1.537741e-05	 7.957814e-05	 5.131058e-05	 2.990667e-03	 4.765481e-04	 3.531571e-05	 6.400145e-04	-7.131127e-05	-4.810643e-05	-5.711623e-05	-3.142856e-05	-2.102708e-05	 6.402880e-05	 9.128386e-02	 6.223714e-03	 4.790525e-02	-1.877184e+00	 4.204807e+00	 2.509325e+00	 2.840295e+00	-1.576401e-02	 4.075766e+00	-5.501403e-02	-4.234316e-01	-3.492552e-01	-5.985091e-04	 3.218691e-05	-2.342971e-04	-2.651048e-04	-1.729463e-03	 1.250122e-03	 1.614944e-05	-2.334574e-05	-1.369913e-06	-1.024943e-05	-4.097006e-05	 4.097641e-05	-1.517720e-04	 5.928943e-04	 1.747331e-04	 8.725658e-05	-1.914234e-03	 7.772753e-07	-1.964899e-07	-1.045883e-06	 9.994476e-03	 6.035889e-07	 3.321982e-03	 2.885588e-13	
 6.735035e-06	-1.134212e-04	 4.769163e-04	-5.847205e-04	 3.596491e-04	-8.185984e-05	-2.621166e-05	-8.455663e-06	 8.889329e-05	 2.051190e-05	 1.101912e-04	-9.914418e-05	 5.446793e-05	-4.468026e-04	-8.858264e-04	-6.272517e-04	-2.177143e-05	-8.238276e-04	 9.758085e-05	 9.663554e-05	 1.268739e-04	 4.388986e-06	-1.631226e-05	 7.226742e-05	-5.341068e-01	-5.496507e-03	 4.045862e-02	 2.096613e+00	-5.216738e+00	-6.826141e+00	-1.018370e+00	 3.109891e-03	-5.501403e-02	 3.995403e+00	-4.234902e-01	-4.871617e-01	-1.015672e-04	-1.539662e-04	-5.034560e-04	 1.851943e-03	-8.255451e-04	 2.541086e-03	 1.514155e-05	 6.876332e-06	-3.755358e-05	-5.360357e-04	-6.573243e-04	 6.574337e-04	-1.328533e-03	 2.407270e-02	 2.269926e-02	 2.265523e-03	-1.464876e-02	 2.388121e-05	 2.042034e-05	 2.185230e-06	-1.430846e-02	 2.867029e-06	 4.769163e-02	-1.191492e-12	
-1.074198e-04	-2.952239e-04	 2.179402e-04	 4.426959e-03	-1.077042e-03	 1.930489e-03	-7.850852e-04	-2.176182e-05	-4.438934e-03	-3.395680e-04	-2.262728e-04	 3.443139e-04	 1.760795e-04	 5.022943e-03	 2.255083e-02	 7.104923e-03	-3.274442e-03	 1.023759e-02	 6.720014e-06	 7.290829e-04	 1.824441e-06	 3.902786e-04	 3.582703e-04	 2.496363e-03	 1.509206e+01	-5.274585e-02	-6.817420e-01	-7.156070e+01	 4.723274e+01	 1.563878e+02	-1.595054e+01	 5.294138e-01	-4.234316e-01	-4.234902e-01	 7.213219e+01	 1.372248e+00	 3.606386e-03	 2.373445e-03	 1.332961e-02	-4.352477e-04	 9.143175e-03	-7.148953e-03	 1.774569e-04	-3.566609e-05	 1.500916e-03	 8.943078e-04	-1.133973e-03	 1.134021e-03	 8.952389e-03	 1.606331e-01	 1.983965e-01	 1.254644e-02	 9.019996e-02	 1.363824e-04	 2.225220e-04	 4.408495e-05	 2.609086e-01	-4.565081e-05	 2.179402e-02	 8.733697e-12	
 9.208622e-05	 5.406384e-04	-1.884172e-03	-2.382698e-02	 5.100163e-03	-7.655057e-03	 3.037305e-03	-4.752425e-05	-1.332066e-03	-6.302537e-04	-1.166335e-03	 6.574009e-04	-4.492006e-04	-1.469350e-03	-9.088345e-02	-1.518368e-02	 4.497316e-03	-1.129140e-02	-1.221880e-03	-1.915813e-03	-1.574557e-03	-3.407875e-03	-3.349857e-03	-6.823952e-03	-9.180153e+01	-1.809304e-02	 5.743475e-01	 1.250687e+02	-7.565914e+01	-3.630426e+02	 7.185188e+01	-1.422307e+00	-3.492552e-01	-4.871617e-01	 1.372248e+00	 3.947685e+02	 1.762014e-03	-5.224035e-03	-1.681547e-03	-2.852206e-02	 1.671535e-02	-2.841981e-02	-9.740691e-06	 1.486279e-05	-3.743671e-03	-6.609818e-03	 3.092352e-03	-3.092794e-03	-4.508732e-04	-2.123301e-01	-2.471793e-01	-1.517481e-02	-5.748375e-02	-1.878697e-04	-2.665776e-04	-2.331127e-04	-9.101009e-01	 3.908375e-05	-1.884172e-01	-4.839475e-11	
-9.254349e-08	 1.410923e-06	-6.884349e-06	 4.706944e-06	-3.990209e-06	-2.668814e-08	-1.698896e-06	-1.931890e-07	-6.872661e-07	-1.645643e-06	 1.379765e-06	-2.372730e-07	 9.610882e-07	-6.714361e-07	 1.792517e-05	 1.990790e-07	-2.193641e-06	 1.639549e-05	 2.738469e-06	 1.745407e-06	 3.431362e-06	 1.122817e-06	 7.875578e-07	 1.829337e-06	-2.050910e-02	 1.887198e-04	-7.337708e-04	 2.717510e-02	 1.818976e-04	 1.854964e-02	 3.315555e-02	 1.431569e-03	-5.985091e-04	-1.015672e-04	 3.606386e-03	 1.762014e-03	 1.464501e-03	 2.657306e-04	 3.676034e-05	-4.051484e-04	-1.505312e-04	-2.437913e-04	 4.842048e-08	 3.358710e-07	 6.153291e-07	 5.594196e-06	 9.055329e-06	-9.056936e-06	 2.527993e-05	-2.923770e-04	-2.725330e-04	-2.443419e-05	 1.912202e-04	-2.916149e-07	-2.421783e-07	-2.904027e-07	 1.569879e-06	-3.933360e-08	-6.884349e-04	 1.007687e-14	
-5.721136e-08	-2.972369e-07	 4.282250e-07	 1.355174e-05	 6.539495e-07	 7.047321e-06	-6.031278e-07	-1.731244e-07	 4.005409e-07	 3.679677e-07	 1.956774e-06	-4.178046e-07	-1.066065e-06	-7.355211e-09	 2.571774e-05	 5.533431e-06	 2.341081e-06	-2.112292e-06	-3.547991e-07	-9.713762e-07	 2.394743e-06	 4.025629e-07	 1.452398e-07	 3.110763e-07	 1.709226e-03	 6.434876e-05	 2.578725e-04	 4.640382e-03	 2.174523e-02	-5.210123e-02	-2.841443e-02	-1.033965e-03	 3.218691e-05	-1.539662e-04	 2.373445e-03	-5.224035e-03	 2.657306e-04	 8.621082e-04	-2.254892e-05	 7.345878e-04	 2.846860e-05	-6.310937e-04	 2.397238e-07	 9.152858e-08	 4.525442e-07	 4.858131e-06	-1.199700e-06	 1.199787e-06	 5.787077e-06	 1.212659e-04	 1.429030e-04	 1.060455e-05	 3.884523e-05	 1.065248e-07	 1.556364e-07	-3.078318e-08	 7.640239e-04	-2.433532e-08	 4.282250e-05	 2.798698e-14	
-1.885323e-07	-7.786852e-07	 1.664152e-06	 1.878797e-05	 2.390245e-06	 1.001753e-05	-3.473170e-07	-1.409201e-07	-3.096663e-06	 5.576775e-07	 3.323185e-07	-1.955258e-06	-2.697992e-06	-6.463886e-06	 7.360609e-05	-1.506131e-05	 9.168241e-06	 7.701650e-06	 9.317798e-07	 1.086448e-06	-8.685075e-06	-6.188877e-08	-1.245189e-07	 8.820563e-06	-6.216406e-02	 2.119180e-04	-1.496115e-03	-5.228590e-02	-3.538783e-02	 2.872016e-02	-2.977939e-02	 3.781716e-03	-2.342971e-04	-5.034560e-04	 1.332961e-02	-1.681547e-03	 3.676034e-05	-2.254892e-05	 7.227548e-03	-2.937142e-04	 7.515944e-04	 4.720688e-03	 6.651123e-07	 3.009469e-07	 5.145007e-07	 6.469025e-06	-3.667809e-06	 3.668230e-06	 1.147438e-05	 3.499890e-04	 4.186249e-04	 2.702743e-05	 1.400573e-04	 3.040786e-07	 4.601460e-07	 1.763870e-07	 1.124802e-03	-8.006776e-08	 1.664152e-04	 3.820392e-14	
-1.307112e-07	-8.734992e-07	 1.726412e-06	 1.252568e-05	 1.970561e-06	 6.015694e-06	 2.464935e-06	 8.783409e-08	 1.332954e-05	 1.084677e-06	 3.821085e-06	-7.964056e-07	-1.936018e-07	 2.919217e-06	 5.093120e-05	 2.574190e-05	 1.297676e-06	-1.022256e-05	-1.975142e-06	-1.856021e-06	 2.955483e-06	 1.182218e-06	 1.359898e-07	 1.622808e-06	 6.653706e-02	-2.209374e-04	-2.153094e-04	 6.995159e-02	 3.088226e-02	-5.823357e-02	-3.446374e-02	-1.125527e-03	-2.651048e-04	 1.851943e-03	-4.352477e-04	-2.852206e-02	-4.051484e-04	 7.345878e-04	-2.937142e-04	 2.966138e-03	 4.949909e-04	-7.291507e-04	 3.391087e-07	 2.241123e-07	 8.701981e-07	 3.134611e-06	-3.789853e-06	 3.790283e-06	 1.194510e-05	 3.281013e-04	 3.781254e-04	 2.877507e-05	 7.587787e-05	 2.917925e-07	 4.047940e-07	-6.167094e-08	 6.990423e-04	-5.564302e-08	 1.726412e-04	 2.566679e-14	
-5.605245e-07	 2.944317e-06	-1.700310e-05	 2.651231e-05	 4.267362e-06	 1.236224e-05	-5.205620e-06	 3.310871e-08	 2.807548e-06	 6.578248e-06	-1.288169e-06	-8.632827e-07	-1.766928e-06	-2.599602e-06	 5.798884e-05	 3.774201e-06	 1.805386e-05	-2.451475e-05	-1.577619e-06	-2.192110e-06	-3.044812e-08	 8.647649e-07	-1.291358e-06	-1.006113e-06	 3.524032e-02	-2.151176e-04	-3.918846e-05	 1.104850e-01	 3.235365e-03	-2.987468e-02	 4.491330e-02	 1.152226e-03	-1.729463e-03	-8.255451e-04	 9.143175e-03	 1.671535e-02	-1.505312e-04	 2.846860e-05	 7.515944e-04	 4.949909e-04	 6.479016e-03	 8.429777e-03	 6.190538e-07	-9.676487e-07	-3.885754e-06	 2.369914e-05	 2.059094e-05	-2.059480e-05	 8.646109e-05	-3.191904e-04	-1.559756e-04	-3.218992e-05	 7.776869e-04	-3.877692e-07	-3.701466e-09	-4.105217e-07	 1.444716e-03	-2.382621e-07	-1.700310e-03	 5.463050e-14	
-2.266789e-06	 1.703549e-05	-8.011464e-05	 2.890683e-05	 1.355063e-05	-9.397717e-06	-9.012708e-06	 1.953793e-06	-6.046656e-05	-1.763984e-06	-2.883667e-06	 7.913008e-06	 4.227079e-06	 2.853390e-05	-9.998080e-05	 6.197580e-06	 5.436262e-05	-1.118129e-04	-3.890039e-06	 4.377792e-06	-1.614717e-05	 1.275364e-05	 9.982073e-06	-1.931324e-05	 3.199060e-01	 1.166645e-03	-3.052167e-03	 4.050935e-01	-7.573013e-02	-2.009668e-02	 1.595768e-01	-8.151235e-03	 1.250122e-03	 2.541086e-03	-7.148953e-03	-2.841981e-02	-2.437913e-04	-6.310937e-04	 4.720688e-03	-7.291507e-04	 8.429777e-03	 7.487189e-02	-4.987163e-07	-3.345656e-06	-1.037135e-05	 8.361288e-05	 1.038184e-04	-1.038367e-04	 3.094166e-04	-2.625636e-03	-2.007935e-03	-2.786310e-04	 3.495070e-03	-2.835927e-06	-1.367715e-06	 5.215014e-07	-4.236510e-04	-9.638536e-07	-8.011464e-03	 6.107993e-14	
 1.258848e-09	-4.180319e-09	 2.249520e-08	 1.936781e-08	-4.924719e-08	 1.307130e-08	 3.411789e-08	 4.630823e-10	 2.337934e-07	-2.993202e-08	 2.855123e-08	-3.371709e-08	-4.632534e-08	-4.123306e-08	-1.017108e-06	 2.999152e-07	-5.498737e-08	-2.825109e-07	 2.526612e-08	 1.351077e-08	 1.082751e-07	 4.429230e-09	 1.846354e-08	-5.733223e-08	 7.211431e-05	-1.164088e-06	-1.041059e-05	 1.159648e-03	 2.601350e-04	 2.809304e-04	-1.609694e-03	 3.528541e-06	 1.614944e-05	 1.514155e-05	 1.774569e-04	-9.740691e-06	 4.842048e-08	 2.397238e-07	 6.651123e-07	 3.391087e-07	 6.190538e-07	-4.987163e-07	 4.877136e-07	-6.820424e-09	-1.589550e-08	-2.745630e-08	-2.775962e-08	 2.776432e-08	-1.224310e-07	 7.862678e-08	-3.041525e-07	 3.865525e-08	-1.585796e-06	 2.666679e-10	-6.270712e-10	-1.070177e-09	 1.095953e-06	 5.355995e-10	 2.249520e-06	 4.041649e-17	
 1.206655e-09	-1.095474e-08	 4.969569e-08	 1.221664e-07	 1.799114e-08	 6.155407e-08	 9.211074e-09	-4.191268e-09	 7.218775e-08	 2.551336e-08	-2.956132e-09	-4.526864e-09	-1.075096e-09	 1.417208e-07	-5.827728e-07	 8.011505e-08	-7.039234e-08	 5.563059e-09	-1.844011e-09	 5.548046e-09	-1.899960e-09	 3.891501e-08	 1.541976e-08	 8.054596e-08	-3.756983e-04	-3.133385e-06	-1.281197e-05	 1.110731e-03	-5.182352e-04	-1.351877e-03	 7.888681e-04	 2.682255e-06	-2.334574e-05	 6.876332e-06	-3.566609e-05	 1.486279e-05	 3.358710e-07	 9.152858e-08	 3.009469e-07	 2.241123e-07	-9.676487e-07	-3.345656e-06	-6.820424e-09	 4.205045e-07	-5.624303e-09	 1.112122e-08	-6.535971e-08	 6.537132e-08	-1.754658e-07	 1.883202e-06	 1.574328e-06	 1.916153e-07	-1.980169e-06	 1.968958e-09	 1.228627e-09	-2.077628e-10	 5.988423e-06	 5.112645e-10	 4.969569e-06	 2.510123e-16	
-4.236886e-08	-1.295797e-07	 2.051881e-07	 3.416165e-06	-3.943370e-06	-1.404597e-06	-1.246884e-06	 3.803695e-08	 1.143686e-06	 1.044436e-07	-3.557747e-08	-1.692908e-08	 2.650813e-07	-6.985791e-08	-6.099615e-06	 3.919566e-06	-4.720181e-07	 6.987096e-07	 3.590727e-07	 4.730270e-07	 1.509347e-07	 1.654524e-06	 1.589587e-06	 1.373960e-06	-4.502115e-03	-1.670186e-06	-4.958445e-05	 4.176516e-03	 1.297653e-02	 2.651154e-02	-9.695203e-03	 1.479699e-05	-1.369913e-06	-3.755358e-05	 1.500916e-03	-3.743671e-03	 6.153291e-07	 4.525442e-07	 5.145007e-07	 8.701981e-07	-3.885754e-06	-1.037135e-05	-1.589550e-08	-5.624303e-09	 4.687615e-06	-7.953299e-08	-5.578306e-07	 5.578814e-07	 2.868895e-06	 6.696643e-05	 8.182245e-05	 5.039310e-06	 3.488979e-05	 5.719719e-08	 9.104607e-08	 3.667498e-08	-1.444361e-04	-1.802696e-08	 2.051881e-05	 7.121295e-15	
-3.568466e-07	 4.171949e-06	-1.876547e-05	 1.288794e-04	 5.304497e-06	 5.788767e-05	-1.380334e-07	-7.475828e-08	 1.533383e-06	-1.056446e-06	-3.802807e-07	-1.001794e-07	 3.448287e-07	 3.698416e-06	 9.518059e-05	-1.860390e-06	-7.965797e-07	-1.869337e-06	 1.100108e-07	-5.837034e-07	 4.324922e-07	 4.934541e-06	 5.412088e-06	 7.013100e-06	 4.516165e-02	-2.062896e-05	-4.399336e-04	-5.922037e-02	-1.198795e-02	 4.426507e-02	 2.470323e-02	 7.042186e-04	-1.024943e-05	-5.360357e-04	 8.943078e-04	-6.609818e-03	 5.594196e-06	 4.858131e-06	 6.469025e-06	 3.134611e-06	 2.369914e-05	 8.361288e-05	-2.745630e-08	 1.112122e-08	-7.953299e-08	 6.898547e-05	 2.521638e-05	-2.522072e-05	 6.300259e-05	-7.978719e-04	-7.068738e-04	-7.587760e-05	 6.519131e-04	-8.116861e-07	-5.907194e-07	-1.660191e-07	 6.215881e-03	-1.517902e-07	-1.876547e-03	 2.674043e-13	
