#          omega_b,        omega_cdm,     ln10^{10}A_s,               H0,              n_s,         tau_reio, invtau0_from_nadm,             N_dg,         A_planck,              T0a,              T0s,          gamma_a,          gamma_s,              Fz1,              Fz2,              Fz3,              Fz4,             F_UV,           z_reio,      100*theta_s,           sigma8,             neff,           a_dark,           xi_idr
 2.352689e-08	 5.844715e-08	 2.976555e-07	 8.748162e-05	 1.074271e-07	 2.645106e-07	-9.391902e-13	 7.096612e-06	 8.602393e-09	-1.330903e-06	 1.162727e-05	 2.350332e-06	 3.731428e-05	-3.385355e-07	 1.983486e-07	-3.113817e-07	 3.625434e-07	 1.916099e-06	 1.961241e-05	 1.063856e-08	 5.294482e-07	 4.606929e-07	-2.168035e-06	 4.146851e-06	
 5.844715e-08	 3.252817e-06	-2.748193e-06	 4.270279e-04	 6.316626e-07	-1.533797e-06	 1.524382e-11	 1.282780e-04	-2.773608e-07	 3.950728e-05	-1.313998e-04	-5.795164e-05	 5.039341e-05	 7.067183e-06	 1.120139e-05	-5.341572e-06	-6.773874e-07	 7.644575e-06	-7.885102e-05	 1.206245e-07	-1.890953e-06	-5.516975e-06	-1.281610e-05	 7.314763e-05	
 2.976555e-07	-2.748193e-06	 5.994809e-04	 4.225311e-03	 3.684447e-05	 3.008177e-04	 2.945873e-10	 1.908576e-04	 5.503217e-06	-1.622844e-04	 1.499789e-04	 5.404134e-04	-2.242040e-03	-2.148848e-05	 1.406473e-04	 1.647291e-04	 9.344152e-05	-3.760863e-04	 2.729287e-02	 2.128325e-06	 9.035649e-05	-1.138678e-04	 2.184770e-04	 1.029949e-04	
 8.748162e-05	 4.270279e-04	 4.225311e-03	 5.892426e-01	 1.624063e-03	 3.210465e-03	-2.134908e-09	 5.376311e-02	-3.788206e-05	-9.424885e-03	 7.559249e-02	 1.380542e-02	-4.600291e-02	-2.696411e-03	 2.203361e-03	-1.178898e-04	 3.067593e-03	 4.263266e-03	 2.823588e-01	 9.435240e-05	 2.826558e-03	 2.002798e-03	-1.254943e-02	 3.101657e-02	
 1.074271e-07	 6.316626e-07	 3.684447e-05	 1.624063e-03	 1.242369e-05	 2.225354e-05	 3.303861e-11	 1.363420e-04	 4.639939e-08	-2.117960e-04	 4.496443e-04	 8.108715e-05	-1.903515e-03	-2.725659e-05	 2.090230e-06	 1.244539e-05	 1.121697e-05	-2.568191e-06	 2.025143e-03	 4.538247e-07	-1.539504e-07	-5.706350e-06	-1.569169e-07	 7.835520e-05	
 2.645106e-07	-1.533797e-06	 3.008177e-04	 3.210465e-03	 2.225354e-05	 1.596570e-04	 1.140696e-10	 1.730274e-04	-1.982678e-06	-1.974178e-04	 1.196520e-04	 3.203861e-04	-1.903256e-03	-2.763723e-05	 6.216500e-05	 7.046767e-05	 5.213602e-05	-1.669147e-04	 1.446689e-02	 1.134609e-06	 6.054177e-05	-3.872433e-05	 6.468145e-05	 9.726330e-05	
-9.391902e-13	 1.524382e-11	 2.945873e-10	-2.134908e-09	 3.303861e-11	 1.140696e-10	 8.879208e-16	 2.951758e-10	 7.849459e-12	 4.925722e-10	-1.639571e-09	-3.664487e-10	-9.857191e-09	 2.168419e-11	 2.490586e-10	 1.025526e-10	-6.244207e-11	-1.066470e-10	 1.089313e-08	 2.241283e-12	-2.764223e-10	-3.863254e-10	 7.159271e-10	 1.361315e-10	
 7.096612e-06	 1.282780e-04	 1.908576e-04	 5.376311e-02	 1.363420e-04	 1.730274e-04	 2.951758e-10	 7.734445e-03	-1.107810e-05	 5.613593e-04	 1.316383e-03	-9.893061e-04	-3.468632e-03	 3.258505e-05	 5.044261e-04	-1.824462e-04	 1.538838e-04	 3.993778e-04	 1.711115e-02	 8.100237e-06	 1.398374e-04	-1.557734e-05	-1.291816e-03	 4.427566e-03	
 8.602393e-09	-2.773608e-07	 5.503217e-06	-3.788206e-05	 4.639939e-08	-1.982678e-06	 7.849459e-12	-1.107810e-05	 4.377539e-06	 2.323238e-05	 2.292076e-04	 3.014897e-06	 5.786520e-04	 4.505080e-06	 1.371728e-06	 1.172063e-05	 1.096994e-06	-1.935011e-05	-1.916116e-04	-4.639792e-08	-2.435186e-06	-3.953361e-06	 1.049100e-05	-6.929130e-06	
-1.330903e-06	 3.950728e-05	-1.622844e-04	-9.424885e-03	-2.117960e-04	-1.974178e-04	 4.925722e-10	 5.613593e-04	 2.323238e-05	 1.534405e-01	-8.607341e-02	-1.517020e-02	 3.522007e-01	 1.231946e-02	 1.112818e-02	 5.026778e-04	-7.510584e-04	 9.796324e-03	-1.769713e-02	-1.544838e-06	-2.696512e-04	-4.120193e-04	 2.687520e-04	 6.673164e-05	
 1.162727e-05	-1.313998e-04	 1.499789e-04	 7.559249e-02	 4.496443e-04	 1.196520e-04	-1.639571e-09	 1.316383e-03	 2.292076e-04	-8.607341e-02	 2.937377e+00	 3.956816e-02	 5.753068e-01	-2.832037e-02	-4.755533e-03	 2.037602e-02	 6.276953e-03	 1.193598e-02	 8.043680e-03	 7.727141e-06	 5.318630e-04	 1.010260e-03	-2.625294e-04	 5.817659e-04	
 2.350332e-06	-5.795164e-05	 5.404134e-04	 1.380542e-02	 8.108715e-05	 3.203861e-04	-3.664487e-10	-9.893061e-04	 3.014897e-06	-1.517020e-02	 3.956816e-02	 2.936680e-02	-8.620179e-02	-3.145494e-03	-2.262740e-03	 1.955267e-03	 8.819316e-04	-8.998158e-04	 2.760249e-02	 6.904486e-06	 2.640473e-04	 2.093067e-04	-1.153979e-04	-4.965640e-04	
 3.731428e-05	 5.039341e-05	-2.242040e-03	-4.600291e-02	-1.903515e-03	-1.903256e-03	-9.857191e-09	-3.468632e-03	 5.786520e-04	 3.522007e-01	 5.753068e-01	-8.620179e-02	 7.497975e+00	 3.947073e-02	 2.103630e-02	 9.979572e-03	 5.122248e-03	 2.096049e-02	-1.755189e-01	-6.383023e-05	 3.617505e-03	 2.805724e-03	-6.615603e-03	-2.502053e-03	
-3.385355e-07	 7.067183e-06	-2.148848e-05	-2.696411e-03	-2.725659e-05	-2.763723e-05	 2.168419e-11	 3.258505e-05	 4.505080e-06	 1.231946e-02	-2.832037e-02	-3.145494e-03	 3.947073e-02	 2.116845e-03	 1.090180e-03	-2.737090e-04	 1.306878e-05	 1.086928e-03	-2.526188e-03	-6.689033e-07	-5.029615e-06	-3.054983e-05	 1.580864e-05	-1.100053e-05	
 1.983486e-07	 1.120139e-05	 1.406473e-04	 2.203361e-03	 2.090230e-06	 6.216500e-05	 2.490586e-10	 5.044261e-04	 1.371728e-06	 1.112818e-02	-4.755533e-03	-2.262740e-03	 2.103630e-02	 1.090180e-03	 1.875005e-03	 1.345406e-04	-4.654397e-05	 2.308533e-04	 5.559734e-03	 4.218059e-07	-4.707307e-05	-1.171251e-04	 9.919697e-05	 2.674183e-04	
-3.113817e-07	-5.341572e-06	 1.647291e-04	-1.178898e-04	 1.244539e-05	 7.046767e-05	 1.025526e-10	-1.824462e-04	 1.172063e-05	 5.026778e-04	 2.037602e-02	 1.955267e-03	 9.979572e-03	-2.737090e-04	 1.345406e-04	 1.674733e-03	 3.940013e-04	-8.099653e-05	 6.220018e-03	 1.139857e-06	 8.181381e-06	-3.973376e-05	 1.084721e-04	-1.065390e-04	
 3.625434e-07	-6.773874e-07	 9.344152e-05	 3.067593e-03	 1.121697e-05	 5.213602e-05	-6.244207e-11	 1.538838e-04	 1.096994e-06	-7.510584e-04	 6.276953e-03	 8.819316e-04	 5.122248e-03	 1.306878e-05	-4.654397e-05	 3.940013e-04	 1.441555e-03	-8.624910e-05	 4.770765e-03	 2.048254e-06	 6.800296e-05	 3.751004e-05	-8.083839e-05	 1.105151e-04	
 1.916099e-06	 7.644575e-06	-3.760863e-04	 4.263266e-03	-2.568191e-06	-1.669147e-04	-1.066470e-10	 3.993778e-04	-1.935011e-05	 9.796324e-03	 1.193598e-02	-8.998158e-04	 2.096049e-02	 1.086928e-03	 2.308533e-04	-8.099653e-05	-8.624910e-05	 2.737949e-02	-1.534850e-02	 1.555705e-06	-9.877639e-05	 5.523458e-05	-2.616623e-04	 2.026560e-04	
 1.961241e-05	-7.885102e-05	 2.729287e-02	 2.823588e-01	 2.025143e-03	 1.446689e-02	 1.089313e-08	 1.711115e-02	-1.916116e-04	-1.769713e-02	 8.043680e-03	 2.760249e-02	-1.755189e-01	-2.526188e-03	 5.559734e-03	 6.220018e-03	 4.770765e-03	-1.534850e-02	 1.314892e+00	 1.038392e-04	 5.394083e-03	-3.721167e-03	 6.091729e-03	 9.619196e-03	
 1.063856e-08	 1.206245e-07	 2.128325e-06	 9.435240e-05	 4.538247e-07	 1.134609e-06	 2.241283e-12	 8.100237e-06	-4.639792e-08	-1.544838e-06	 7.727141e-06	 6.904486e-06	-6.383023e-05	-6.689033e-07	 4.218059e-07	 1.139857e-06	 2.048254e-06	 1.555705e-06	 1.038392e-04	 9.714301e-08	 5.333814e-08	-6.671181e-07	-4.956556e-08	 4.803065e-06	
 5.294482e-07	-1.890953e-06	 9.035649e-05	 2.826558e-03	-1.539504e-07	 6.054177e-05	-2.764223e-10	 1.398374e-04	-2.435186e-06	-2.696512e-04	 5.318630e-04	 2.640473e-04	 3.617505e-03	-5.029615e-06	-4.707307e-05	 8.181381e-06	 6.800296e-05	-9.877639e-05	 5.394083e-03	 5.333814e-08	 1.656415e-04	 1.290681e-04	-2.686830e-04	 9.275333e-05	
 4.606929e-07	-5.516975e-06	-1.138678e-04	 2.002798e-03	-5.706350e-06	-3.872433e-05	-3.863254e-10	-1.557734e-05	-3.953361e-06	-4.120193e-04	 1.010260e-03	 2.093067e-04	 2.805724e-03	-3.054983e-05	-1.171251e-04	-3.973376e-05	 3.751004e-05	 5.523458e-05	-3.721167e-03	-6.671181e-07	 1.290681e-04	 1.767373e-04	-3.384099e-04	 7.308854e-06	
-2.168035e-06	-1.281610e-05	 2.184770e-04	-1.254943e-02	-1.569169e-07	 6.468145e-05	 7.159271e-10	-1.291816e-03	 1.049100e-05	 2.687520e-04	-2.625294e-04	-1.153979e-04	-6.615603e-03	 1.580864e-05	 9.919697e-05	 1.084721e-04	-8.083839e-05	-2.616623e-04	 6.091729e-03	-4.956556e-08	-2.686830e-04	-3.384099e-04	 1.089780e-03	-8.325272e-04	
 4.146851e-06	 7.314763e-05	 1.029949e-04	 3.101657e-02	 7.835520e-05	 9.726330e-05	 1.361315e-10	 4.427566e-03	-6.929130e-06	 6.673164e-05	 5.817659e-04	-4.965640e-04	-2.502053e-03	-1.100053e-05	 2.674183e-04	-1.065390e-04	 1.105151e-04	 2.026560e-04	 9.619196e-03	 4.803065e-06	 9.275333e-05	 7.308854e-06	-8.325272e-04	 2.614624e-03	
