#          omega_b,        omega_cdm,     ln10^{10}A_s,               H0,              n_s,         tau_reio,           xi_idr,           a_dark,         A_planck,              T0a,              T0s,          gamma_a,          gamma_s,              Fz1,              Fz2,              Fz3,              Fz4,             F_UV,           z_reio,      100*theta_s,           sigma8,             neff
 1.561761e-08	-4.996852e-08	 4.601731e-07	 3.451749e-05	 3.964185e-08	 2.307406e-07	-5.045805e-08	-1.009448e+01	 2.999848e-08	 5.639844e-08	-6.752658e-06	 3.916558e-07	 2.340561e-06	 3.804197e-08	 7.200057e-08	-1.842558e-08	-1.245251e-08	-1.386746e-07	 1.659533e-05	 6.562902e-09	-3.240721e-08	-3.160608e-08	
-4.996852e-08	 9.222433e-07	-6.712655e-06	-3.895864e-04	-1.928025e-06	-4.358021e-06	 2.649621e-07	 4.800277e+02	-1.546416e-07	-8.760102e-06	 8.785842e-06	-2.129982e-06	 1.805654e-05	-9.083885e-07	-9.475471e-07	-3.419249e-07	-7.369430e-07	 7.234766e-06	-3.764476e-04	-2.317109e-08	 1.232707e-08	-8.204373e-07	
 4.601731e-07	-6.712655e-06	 3.986315e-04	 3.233210e-03	 1.808254e-05	 2.038317e-04	-3.884856e-06	 4.289883e+03	 4.829337e-06	-3.911198e-05	-9.436846e-04	 4.820067e-05	-1.291200e-03	-3.756011e-06	 1.746672e-05	 1.270806e-05	-1.651784e-06	-9.737588e-05	 1.878103e-02	 1.092239e-06	 1.462152e-04	 1.019570e-05	
 3.451749e-05	-3.895864e-04	 3.233210e-03	 1.870285e-01	 7.926169e-04	 1.974519e-03	-1.729629e-04	-1.881492e+05	 8.722174e-05	 3.701440e-03	-8.162237e-03	 8.023259e-04	-4.319330e-03	 4.361081e-04	 4.595915e-04	 9.921580e-05	 2.876501e-04	-2.448424e-03	 1.680759e-01	 4.072794e-05	 1.221840e-04	 3.120141e-04	
 3.964185e-08	-1.928025e-06	 1.808254e-05	 7.926169e-04	 9.442713e-06	 1.204840e-05	-1.176150e-07	-1.597480e+03	 6.474117e-07	 3.326605e-05	 5.006409e-05	 2.007835e-06	-2.522084e-04	 3.024920e-06	 6.045139e-06	 2.030166e-06	 1.897129e-06	-1.947343e-05	 1.077766e-03	 1.567145e-07	 3.724514e-06	 7.048746e-06	
 2.307406e-07	-4.358021e-06	 2.038317e-04	 1.974519e-03	 1.204840e-05	 1.101946e-04	-1.990490e-06	 1.933589e+03	-1.578368e-06	-9.482485e-06	-4.390367e-04	 2.959011e-05	-7.456395e-04	-1.179878e-06	 9.053987e-06	 6.461493e-06	-1.372141e-06	-6.765157e-05	 1.014270e-02	 5.204661e-07	 7.241613e-05	 6.897182e-06	
-5.045805e-08	 2.649621e-07	-3.884856e-06	-1.729629e-04	-1.176150e-07	-1.990490e-06	 7.980913e-05	-3.619843e+04	-2.207383e-08	-4.533609e-04	 5.774803e-04	 4.889377e-06	-2.208612e-03	-1.927798e-05	-1.655174e-05	-8.752959e-07	-4.088839e-06	-2.361314e-05	-1.683113e-04	-9.179068e-08	-1.495895e-06	-2.953391e-05	
-1.009448e+01	 4.800277e+02	 4.289883e+03	-1.881492e+05	-1.597480e+03	 1.933589e+03	-3.619843e+04	 2.310168e+14	-6.371784e+02	-3.699641e+04	-1.493344e+06	-1.541695e+05	 3.267216e+05	 1.803345e+03	 1.522776e+03	-9.752023e+03	 8.895769e+02	 6.109227e+03	 1.932287e+05	-1.213613e+01	 3.233993e+03	 1.092132e+04	
 2.999848e-08	-1.546416e-07	 4.829337e-06	 8.722174e-05	 6.474117e-07	-1.578368e-06	-2.207383e-08	-6.371784e+02	 4.080066e-06	-1.488509e-06	-1.595191e-05	-1.513473e-06	-1.865667e-05	 1.433790e-07	 1.481808e-06	 6.263435e-07	 1.111573e-06	 6.870406e-06	-1.567396e-04	 1.121891e-08	 1.545878e-06	 4.247721e-07	
 5.639844e-08	-8.760102e-06	-3.911198e-05	 3.701440e-03	 3.326605e-05	-9.482485e-06	-4.533609e-04	-3.699641e+04	-1.488509e-06	 1.858432e-01	-2.342981e-01	-8.977004e-03	 4.030835e-01	 1.105846e-02	 9.997120e-03	 6.779371e-04	 4.920614e-04	 1.140247e-03	-2.129857e-03	 1.324815e-06	-2.946370e-05	 2.916763e-04	
-6.752658e-06	 8.785842e-06	-9.436846e-04	-8.162237e-03	 5.006409e-05	-4.390367e-04	 5.774803e-04	-1.493344e+06	-1.595191e-05	-2.342981e-01	 4.524482e+00	 2.232339e-02	 3.231318e-01	-2.209897e-02	-1.041765e-02	 3.493674e-03	 1.384569e-03	 6.573094e-02	-3.671627e-02	 3.529502e-06	-3.143554e-04	-1.088971e-04	
 3.916558e-07	-2.129982e-06	 4.820067e-05	 8.023259e-04	 2.007835e-06	 2.959011e-05	 4.889377e-06	-1.541695e+05	-1.513473e-06	-8.977004e-03	 2.232339e-02	 2.754013e-02	-1.070675e-01	-9.567898e-04	-1.524542e-03	 4.847756e-04	 2.185115e-04	 9.783246e-04	 2.613741e-03	-9.702310e-07	 1.047989e-05	-3.101795e-06	
 2.340561e-06	 1.805654e-05	-1.291200e-03	-4.319330e-03	-2.522084e-04	-7.456395e-04	-2.208612e-03	 3.267216e+05	-1.865667e-05	 4.030835e-01	 3.231318e-01	-1.070675e-01	 9.619272e+00	 1.865364e-02	 1.460581e-02	-2.209442e-03	-3.598778e-03	-3.036003e-02	-7.272517e-02	-2.538704e-08	-5.426712e-04	 9.246571e-04	
 3.804197e-08	-9.083885e-07	-3.756011e-06	 4.361081e-04	 3.024920e-06	-1.179878e-06	-1.927798e-05	 1.803345e+03	 1.433790e-07	 1.105846e-02	-2.209897e-02	-9.567898e-04	 1.865364e-02	 1.657664e-03	 7.578523e-04	-4.398750e-05	 1.663635e-05	 5.074775e-04	-2.404318e-04	 2.070784e-07	-3.391208e-06	 1.428838e-05	
 7.200057e-08	-9.475471e-07	 1.746672e-05	 4.595915e-04	 6.045139e-06	 9.053987e-06	-1.655174e-05	 1.522776e+03	 1.481808e-06	 9.997120e-03	-1.041765e-02	-1.524542e-03	 1.460581e-02	 7.578523e-04	 1.753006e-03	 2.934227e-04	 3.806272e-05	 3.646919e-04	 6.160730e-04	 1.434044e-07	 6.056732e-06	 1.125630e-05	
-1.842558e-08	-3.419249e-07	 1.270806e-05	 9.921580e-05	 2.030166e-06	 6.461493e-06	-8.752959e-07	-9.752023e+03	 6.263435e-07	 6.779371e-04	 3.493674e-03	 4.847756e-04	-2.209442e-03	-4.398750e-05	 2.934227e-04	 1.662192e-03	 3.069424e-04	 4.086816e-04	 5.405373e-04	-2.409596e-08	 4.845813e-06	 4.682691e-06	
-1.245251e-08	-7.369430e-07	-1.651784e-06	 2.876501e-04	 1.897129e-06	-1.372141e-06	-4.088839e-06	 8.895769e+02	 1.111573e-06	 4.920614e-04	 1.384569e-03	 2.185115e-04	-3.598778e-03	 1.663635e-05	 3.806272e-05	 3.069424e-04	 1.392937e-03	 2.403328e-04	-1.380728e-04	 9.580714e-08	-2.457665e-06	 4.590157e-06	
-1.386746e-07	 7.234766e-06	-9.737588e-05	-2.448424e-03	-1.947343e-05	-6.765157e-05	-2.361314e-05	 6.109227e+03	 6.870406e-06	 1.140247e-03	 6.573094e-02	 9.783246e-04	-3.036003e-02	 5.074775e-04	 3.646919e-04	 4.086816e-04	 2.403328e-04	 2.944561e-02	-6.033661e-03	 9.621252e-07	-1.973144e-05	-6.456177e-07	
 1.659533e-05	-3.764476e-04	 1.878103e-02	 1.680759e-01	 1.077766e-03	 1.014270e-02	-1.683113e-04	 1.932287e+05	-1.567396e-04	-2.129857e-03	-3.671627e-02	 2.613741e-03	-7.272517e-02	-2.404318e-04	 6.160730e-04	 5.405373e-04	-1.380728e-04	-6.033661e-03	 9.363019e-01	 4.656198e-05	 6.767527e-03	 6.367011e-04	
 6.562902e-09	-2.317109e-08	 1.092239e-06	 4.072794e-05	 1.567145e-07	 5.204661e-07	-9.179068e-08	-1.213613e+01	 1.121891e-08	 1.324815e-06	 3.529502e-06	-9.702310e-07	-2.538704e-08	 2.070784e-07	 1.434044e-07	-2.409596e-08	 9.580714e-08	 9.621252e-07	 4.656198e-05	 7.865171e-08	 4.639040e-07	 1.209929e-07	
-3.240721e-08	 1.232707e-08	 1.462152e-04	 1.221840e-04	 3.724514e-06	 7.241613e-05	-1.495895e-06	 3.233993e+03	 1.545878e-06	-2.946370e-05	-3.143554e-04	 1.047989e-05	-5.426712e-04	-3.391208e-06	 6.056732e-06	 4.845813e-06	-2.457665e-06	-1.973144e-05	 6.767527e-03	 4.639040e-07	 6.225092e-05	 4.251239e-06	
-3.160608e-08	-8.204373e-07	 1.019570e-05	 3.120141e-04	 7.048746e-06	 6.897182e-06	-2.953391e-05	 1.092132e+04	 4.247721e-07	 2.916763e-04	-1.088971e-04	-3.101795e-06	 9.246571e-04	 1.428838e-05	 1.125630e-05	 4.682691e-06	 4.590157e-06	-6.456177e-07	 6.367011e-04	 1.209929e-07	 4.251239e-06	 2.351384e-05	
