#          omega_b,        omega_cdm,     ln10^{10}A_s,               H0,              n_s,         tau_reio,           xi_idr,        loga_dark,         A_planck,              T0a,              T0s,          gamma_a,          gamma_s,              Fz1,              Fz2,              Fz3,              Fz4,             F_UV,           z_reio,      100*theta_s,           sigma8,             neff
 2.423719e-08	 3.393285e-08	 7.670682e-07	 8.326354e-05	 1.259906e-07	 4.431811e-07	 9.392276e-06	-6.770883e-05	 4.101581e-08	-4.235068e-07	-1.101527e-05	-1.284474e-07	 1.463797e-07	-2.571634e-07	 2.618003e-09	-1.906886e-07	-1.721042e-07	-1.857345e-06	 3.592822e-05	 1.245901e-08	 2.171886e-07	 3.059715e-08	
 3.393285e-08	 2.289338e-06	-7.340322e-06	 2.421208e-04	-8.464336e-07	-3.749960e-06	 1.507469e-04	-5.654558e-04	-1.536466e-07	-4.098581e-05	-3.036825e-05	-1.928501e-05	-3.204633e-04	-6.318577e-06	-1.679643e-06	 3.054806e-07	 9.870568e-07	 1.245416e-05	-3.053693e-04	 3.557805e-08	 1.685063e-06	 2.277877e-08	
 7.670682e-07	-7.340322e-06	 4.180318e-04	 4.358548e-03	 2.021610e-05	 2.104562e-04	 6.018120e-05	-6.368829e-04	 9.257735e-06	 3.198843e-04	-5.552993e-04	 1.185359e-05	 2.320042e-03	 1.867178e-05	 6.256051e-05	 4.126999e-05	-3.145452e-05	-1.429744e-04	 1.922751e-02	 1.075175e-06	 1.493906e-04	 7.146984e-06	
 8.326354e-05	 2.421208e-04	 4.358548e-03	 4.793686e-01	 1.160307e-03	 2.896365e-03	 6.511944e-02	-3.727819e-01	 1.019098e-04	 4.274756e-03	-7.077459e-02	-4.549035e-03	-4.822798e-02	-9.671947e-04	 1.119187e-03	 4.594146e-04	-3.586679e-04	-4.060559e-03	 2.547966e-01	 7.333424e-05	 1.519396e-03	 5.674885e-04	
 1.259906e-07	-8.464336e-07	 2.021610e-05	 1.160307e-03	 9.239791e-06	 1.323023e-05	 9.819677e-05	-5.440284e-04	 7.737392e-07	 4.443280e-05	-1.199688e-04	-1.077888e-06	 5.802731e-05	-1.513399e-06	 5.292388e-06	 2.941910e-06	-1.187526e-06	 8.689875e-06	 1.181865e-03	 1.940209e-07	 6.193670e-06	 6.720578e-06	
 4.431811e-07	-3.749960e-06	 2.104562e-04	 2.896365e-03	 1.323023e-05	 1.127785e-04	 1.241679e-04	-7.365040e-04	 2.355392e-07	 1.650118e-04	-4.448892e-04	-6.611727e-06	 3.819017e-04	 7.487990e-06	 3.366264e-05	 1.830726e-05	-2.291063e-05	-7.966261e-05	 1.030236e-02	 5.410068e-07	 7.418964e-05	 5.420167e-06	
 9.392276e-06	 1.507469e-04	 6.018120e-05	 6.511944e-02	 9.819677e-05	 1.241679e-04	 2.188029e-02	-1.096557e-01	-6.667470e-06	-1.617963e-03	-8.577556e-03	-1.953935e-03	-2.836116e-02	-4.777147e-04	 4.961405e-05	 1.680899e-04	 2.796863e-04	-1.329491e-04	 1.265009e-02	 7.036346e-06	 2.267340e-04	 7.810900e-05	
-6.770883e-05	-5.654558e-04	-6.368829e-04	-3.727819e-01	-5.440284e-04	-7.365040e-04	-1.096557e-01	 6.410305e+00	-9.439582e-05	 6.391797e-02	-2.984170e-01	 7.984656e-04	-5.119306e-02	 6.410117e-03	 4.684151e-03	-1.784681e-03	 3.601068e-03	-6.066219e-03	-6.360365e-02	-6.902642e-05	-2.645270e-03	-3.737709e-03	
 4.101581e-08	-1.536466e-07	 9.257735e-06	 1.019098e-04	 7.737392e-07	 2.355392e-07	-6.667470e-06	-9.439582e-05	 4.471549e-06	 1.186377e-05	 7.654119e-05	 7.450937e-06	 7.128550e-04	 1.209111e-06	 5.097158e-07	 4.784275e-06	 5.800561e-06	 3.660526e-06	 6.681625e-06	 2.514866e-08	 3.444870e-06	 6.554429e-07	
-4.235068e-07	-4.098581e-05	 3.198843e-04	 4.274756e-03	 4.443280e-05	 1.650118e-04	-1.617963e-03	 6.391797e-02	 1.186377e-05	 1.596489e-01	-1.952301e-01	-8.375133e-03	 3.185273e-01	 1.080054e-02	 1.035450e-02	 2.902684e-04	-6.301273e-04	 4.178677e-03	 1.380336e-02	 3.991114e-06	 4.646125e-05	 2.318406e-05	
-1.101527e-05	-3.036825e-05	-5.552993e-04	-7.077459e-02	-1.199688e-04	-4.448892e-04	-8.577556e-03	-2.984170e-01	 7.654119e-05	-1.952301e-01	 3.913860e+00	 1.295552e-02	 4.198609e-01	-2.215217e-02	-9.758408e-03	 7.175777e-03	 4.705397e-03	 3.161127e-02	-3.644096e-02	-1.657573e-05	-6.983143e-05	 1.498300e-04	
-1.284474e-07	-1.928501e-05	 1.185359e-05	-4.549035e-03	-1.077888e-06	-6.611727e-06	-1.953935e-03	 7.984656e-04	 7.450937e-06	-8.375133e-03	 1.295552e-02	 2.842698e-02	-1.164885e-01	-1.232079e-03	-1.718482e-03	 6.237736e-04	 1.713277e-04	-2.236885e-04	-1.007351e-03	-2.168578e-07	-1.776710e-05	 1.275992e-05	
 1.463797e-07	-3.204633e-04	 2.320042e-03	-4.822798e-02	 5.802731e-05	 3.819017e-04	-2.836116e-02	-5.119306e-02	 7.128550e-04	 3.185273e-01	 4.198609e-01	-1.164885e-01	 9.405210e+00	 2.389004e-02	 1.335285e-02	 4.293710e-03	 6.660318e-05	-2.351204e-02	 2.756201e-02	-2.802480e-06	 3.433417e-04	 1.084698e-04	
-2.571634e-07	-6.318577e-06	 1.867178e-05	-9.671947e-04	-1.513399e-06	 7.487990e-06	-4.777147e-04	 6.410117e-03	 1.209111e-06	 1.080054e-02	-2.215217e-02	-1.232079e-03	 2.389004e-02	 1.706216e-03	 8.219173e-04	-1.153324e-04	-4.303300e-05	 5.720982e-04	 5.741308e-04	 2.736544e-08	-5.271628e-06	-3.257198e-06	
 2.618003e-09	-1.679643e-06	 6.256051e-05	 1.119187e-03	 5.292388e-06	 3.366264e-05	 4.961405e-05	 4.684151e-03	 5.097158e-07	 1.035450e-02	-9.758408e-03	-1.718482e-03	 1.335285e-02	 8.219173e-04	 1.771820e-03	 1.659826e-04	-1.113805e-05	 3.046162e-04	 2.933612e-03	 3.368481e-07	 1.919724e-05	 1.133847e-06	
-1.906886e-07	 3.054806e-07	 4.126999e-05	 4.594146e-04	 2.941910e-06	 1.830726e-05	 1.680899e-04	-1.784681e-03	 4.784275e-06	 2.902684e-04	 7.175777e-03	 6.237736e-04	 4.293710e-03	-1.153324e-04	 1.659826e-04	 1.686237e-03	 3.436420e-04	 3.489652e-04	 1.654178e-03	-3.356924e-07	 1.843626e-05	 4.263850e-06	
-1.721042e-07	 9.870568e-07	-3.145452e-05	-3.586679e-04	-1.187526e-06	-2.291063e-05	 2.796863e-04	 3.601068e-03	 5.800561e-06	-6.301273e-04	 4.705397e-03	 1.713277e-04	 6.660318e-05	-4.303300e-05	-1.113805e-05	 3.436420e-04	 1.441144e-03	 1.369912e-04	-2.075086e-03	-1.304021e-08	-1.075263e-05	-3.484068e-06	
-1.857345e-06	 1.245416e-05	-1.429744e-04	-4.060559e-03	 8.689875e-06	-7.966261e-05	-1.329491e-04	-6.066219e-03	 3.660526e-06	 4.178677e-03	 3.161127e-02	-2.236885e-04	-2.351204e-02	 5.720982e-04	 3.046162e-04	 3.489652e-04	 1.369912e-04	 3.053134e-02	-6.721753e-03	-6.793700e-08	-1.120239e-05	 2.757537e-05	
 3.592822e-05	-3.053693e-04	 1.922751e-02	 2.547966e-01	 1.181865e-03	 1.030236e-02	 1.265009e-02	-6.360365e-02	 6.681625e-06	 1.380336e-02	-3.644096e-02	-1.007351e-03	 2.756201e-02	 5.741308e-04	 2.933612e-03	 1.654178e-03	-2.075086e-03	-6.721753e-03	 9.441567e-01	 4.829238e-05	 6.885673e-03	 4.955706e-04	
 1.245901e-08	 3.557805e-08	 1.075175e-06	 7.333424e-05	 1.940209e-07	 5.410068e-07	 7.036346e-06	-6.902642e-05	 2.514866e-08	 3.991114e-06	-1.657573e-05	-2.168578e-07	-2.802480e-06	 2.736544e-08	 3.368481e-07	-3.356924e-07	-1.304021e-08	-6.793700e-08	 4.829238e-05	 8.265311e-08	 5.429354e-07	 1.569015e-07	
 2.171886e-07	 1.685063e-06	 1.493906e-04	 1.519396e-03	 6.193670e-06	 7.418964e-05	 2.267340e-04	-2.645270e-03	 3.444870e-06	 4.646125e-05	-6.983143e-05	-1.776710e-05	 3.433417e-04	-5.271628e-06	 1.919724e-05	 1.843626e-05	-1.075263e-05	-1.120239e-05	 6.885673e-03	 5.429354e-07	 6.727385e-05	 7.454213e-06	
 3.059715e-08	 2.277877e-08	 7.146984e-06	 5.674885e-04	 6.720578e-06	 5.420167e-06	 7.810900e-05	-3.737709e-03	 6.554429e-07	 2.318406e-05	 1.498300e-04	 1.275992e-05	 1.084698e-04	-3.257198e-06	 1.133847e-06	 4.263850e-06	-3.484068e-06	 2.757537e-05	 4.955706e-04	 1.569015e-07	 7.454213e-06	 1.614817e-05	
