#          omega_b,        omega_cdm,      100*theta_s,     ln10^{10}A_s,              n_s,         tau_reio,         A_planck,              T0a,              T0s,          gamma_a,          gamma_s,              Fz1,              Fz2,              Fz3,              Fz4,             F_UV,           z_reio,     Omega_Lambda,               H0,              A_s,           sigma8
 1.616027e-08	-6.345802e-08	 5.902728e-09	 6.979593e-07	 7.107533e-08	 3.757899e-07	 1.518448e-08	 1.510919e-06	 1.284158e-05	-5.508356e-07	-9.902537e-06	 6.937125e-07	 2.552315e-07	-2.615272e-09	 9.134332e-08	-2.129256e-06	 2.900533e-05	 4.454432e-07	 3.986630e-05	 1.520254e-15	 2.740944e-08	
-6.345802e-08	 1.053563e-06	-4.294697e-08	-1.109943e-05	-2.219269e-06	-6.752840e-06	-8.286095e-08	-2.433332e-05	-1.514484e-04	 1.786894e-05	-1.233626e-04	-4.387541e-06	-3.040942e-06	 2.380421e-06	-3.055977e-06	 7.228360e-06	-5.863046e-04	-6.055199e-06	-4.572969e-04	-2.408074e-14	-1.415962e-06	
 5.902728e-09	-4.294697e-08	 8.144796e-08	 1.382579e-06	 3.228714e-07	 7.584150e-07	-1.732824e-08	-2.935483e-07	 3.560106e-05	 1.016842e-06	-7.424750e-05	 1.165598e-06	 7.847353e-07	 2.786924e-07	 1.176653e-06	 2.798679e-06	 6.716111e-05	 4.974048e-07	 4.853433e-05	 3.011110e-15	 5.779717e-07	
 6.979593e-07	-1.109943e-05	 1.382579e-06	 4.886217e-04	 3.252509e-05	 2.499750e-04	 1.015077e-05	-4.218634e-04	 6.081963e-03	-2.076164e-04	 3.076989e-03	 8.676878e-05	 9.457943e-05	 2.006181e-05	 8.042665e-05	 1.538022e-04	 2.266368e-02	 6.669235e-05	 5.155943e-03	 1.059642e-12	 1.732184e-04	
 7.107533e-08	-2.219269e-06	 3.228714e-07	 3.252509e-05	 1.093406e-05	 1.966730e-05	 7.210910e-07	 1.930142e-04	 5.684985e-04	-8.007819e-05	 1.134628e-03	 2.755920e-05	 2.373499e-05	-1.466580e-06	 1.473545e-05	 2.256875e-05	 1.750895e-03	 1.307637e-05	 9.842148e-04	 7.067560e-14	 9.298441e-06	
 3.757899e-07	-6.752840e-06	 7.584150e-07	 2.499750e-04	 1.966730e-05	 1.348206e-04	 2.614093e-07	-1.131331e-04	 3.591999e-03	-1.155580e-04	 1.670514e-03	 4.967700e-05	 5.625203e-05	 6.910796e-06	 5.261739e-05	 1.113925e-04	 1.220686e-02	 4.006087e-05	 3.064512e-03	 5.422263e-13	 8.581715e-05	
 1.518448e-08	-8.286095e-08	-1.732824e-08	 1.015077e-05	 7.210910e-07	 2.614093e-07	 4.877280e-06	-3.242694e-05	-2.336332e-04	-2.595742e-05	 1.641318e-04	 2.065554e-06	-7.537229e-07	 1.780457e-07	-5.274594e-06	-3.184199e-05	 2.134056e-05	 4.667780e-07	 3.839294e-05	 2.191104e-14	 4.073460e-06	
 1.510919e-06	-2.433332e-05	-2.935483e-07	-4.218634e-04	 1.930142e-04	-1.131331e-04	-3.242694e-05	 1.444854e-01	-1.806085e-01	-6.456805e-03	 3.153249e-01	 8.110160e-03	 7.357834e-03	-3.064681e-04	 4.270685e-04	 6.904712e-03	-1.000838e-02	 1.356528e-04	 1.015095e-02	-9.389400e-13	-2.068252e-04	
 1.284158e-05	-1.514484e-04	 3.560106e-05	 6.081963e-03	 5.684985e-04	 3.591999e-03	-2.336332e-04	-1.806085e-01	 3.614085e+00	 4.354028e-02	-4.255480e-01	-1.140935e-02	-1.039743e-02	-8.259008e-03	 5.746013e-03	 3.691838e-02	 3.123092e-01	 9.742856e-04	 7.908545e-02	 1.342270e-11	 2.180952e-03	
-5.508356e-07	 1.786894e-05	 1.016842e-06	-2.076164e-04	-8.007819e-05	-1.155580e-04	-2.595742e-05	-6.456805e-03	 4.354028e-02	 2.580022e-02	-1.602527e-01	-6.371259e-04	-1.694682e-03	 7.997310e-04	 1.906779e-04	 6.082511e-03	-1.036636e-02	-9.414463e-05	-6.728352e-03	-4.445790e-13	-4.520405e-05	
-9.902537e-06	-1.233626e-04	-7.424750e-05	 3.076989e-03	 1.134628e-03	 1.670514e-03	 1.641318e-04	 3.153249e-01	-4.255480e-01	-1.602527e-01	 8.631191e+00	 3.126590e-02	 6.605360e-03	-2.283938e-02	-3.111980e-02	-3.386547e-02	 1.562215e-01	 3.674195e-04	 1.174114e-02	 6.582568e-12	 1.172937e-03	
 6.937125e-07	-4.387541e-06	 1.165598e-06	 8.676878e-05	 2.755920e-05	 4.967700e-05	 2.065554e-06	 8.110160e-03	-1.140935e-02	-6.371259e-04	 3.126590e-02	 1.351201e-03	 5.528197e-04	-1.218693e-04	-1.206323e-05	-3.364913e-04	 4.251100e-03	 3.048134e-05	 2.629602e-03	 1.891586e-13	 2.768980e-05	
 2.552315e-07	-3.040942e-06	 7.847353e-07	 9.457943e-05	 2.373499e-05	 5.625203e-05	-7.537229e-07	 7.357834e-03	-1.039743e-02	-1.694682e-03	 6.605360e-03	 5.528197e-04	 1.322737e-03	 2.786479e-04	 1.477087e-04	 1.647001e-04	 4.889388e-03	 1.972044e-05	 1.611752e-03	 2.074177e-13	 3.604767e-05	
-2.615272e-09	 2.380421e-06	 2.786924e-07	 2.006181e-05	-1.466580e-06	 6.910796e-06	 1.780457e-07	-3.064681e-04	-8.259008e-03	 7.997310e-04	-2.283938e-02	-1.218693e-04	 2.786479e-04	 1.785505e-03	 2.687692e-04	 2.453045e-04	 6.409511e-04	-1.185888e-05	-7.767699e-04	 4.366204e-14	 1.632900e-05	
 9.134332e-08	-3.055977e-06	 1.176653e-06	 8.042665e-05	 1.473545e-05	 5.261739e-05	-5.274594e-06	 4.270685e-04	 5.746013e-03	 1.906779e-04	-3.111980e-02	-1.206323e-05	 1.477087e-04	 2.687692e-04	 1.270959e-03	 9.444256e-04	 4.692132e-03	 2.011687e-05	 1.594067e-03	 1.757201e-13	 2.834196e-05	
-2.129256e-06	 7.228360e-06	 2.798679e-06	 1.538022e-04	 2.256875e-05	 1.113925e-04	-3.184199e-05	 6.904712e-03	 3.691838e-02	 6.082511e-03	-3.386547e-02	-3.364913e-04	 1.647001e-04	 2.453045e-04	 9.444256e-04	 2.251753e-02	 1.060736e-02	-4.244034e-05	-3.632697e-03	 3.406917e-13	 1.087563e-04	
 2.900533e-05	-5.863046e-04	 6.716111e-05	 2.266368e-02	 1.750895e-03	 1.220686e-02	 2.134056e-05	-1.000838e-02	 3.123092e-01	-1.036636e-02	 1.562215e-01	 4.251100e-03	 4.889388e-03	 6.409511e-04	 4.692132e-03	 1.060736e-02	 1.108439e+00	 3.462011e-03	 2.631862e-01	 4.913615e-11	 7.880257e-03	
 4.454432e-07	-6.055199e-06	 4.974048e-07	 6.669235e-05	 1.307637e-05	 4.006087e-05	 4.667780e-07	 1.356528e-04	 9.742856e-04	-9.414463e-05	 3.674195e-04	 3.048134e-05	 1.972044e-05	-1.185888e-05	 2.011687e-05	-4.244034e-05	 3.462011e-03	 3.599833e-05	 2.785907e-03	 1.447525e-13	 9.332946e-06	
 3.986630e-05	-4.572969e-04	 4.853433e-05	 5.155943e-03	 9.842148e-04	 3.064512e-03	 3.839294e-05	 1.015095e-02	 7.908545e-02	-6.728352e-03	 1.174114e-02	 2.629602e-03	 1.611752e-03	-7.767699e-04	 1.594067e-03	-3.632697e-03	 2.631862e-01	 2.785907e-03	 2.197696e-01	 1.119571e-11	 7.362702e-04	
 1.520254e-15	-2.408074e-14	 3.011110e-15	 1.059642e-12	 7.067560e-14	 5.422263e-13	 2.191104e-14	-9.389400e-13	 1.342270e-11	-4.445790e-13	 6.582568e-12	 1.891586e-13	 2.074177e-13	 4.366204e-14	 1.757201e-13	 3.406917e-13	 4.913615e-11	 1.447525e-13	 1.119571e-11	 2.298404e-21	 3.756655e-13	
 2.740944e-08	-1.415962e-06	 5.779717e-07	 1.732184e-04	 9.298441e-06	 8.581715e-05	 4.073460e-06	-2.068252e-04	 2.180952e-03	-4.520405e-05	 1.172937e-03	 2.768980e-05	 3.604767e-05	 1.632900e-05	 2.834196e-05	 1.087563e-04	 7.880257e-03	 9.332946e-06	 7.362702e-04	 3.756655e-13	 7.052889e-05	
