#          omega_b,        omega_cdm,     ln10^{10}A_s,               H0,              n_s,         tau_reio,           xi_idr,           a_dark,         A_planck,              T0a,              T0s,          gamma_a,          gamma_s,              Fz1,              Fz2,              Fz3,              Fz4,             F_UV,           z_reio,      100*theta_s,           sigma8,             neff
 1.622725e-08	-3.482834e-08	 5.268451e-07	 4.027658e-05	 8.126898e-08	 2.555902e-07	 2.571040e-06	 4.738457e-04	 2.425091e-08	-3.916804e-06	-1.672402e-06	 6.442342e-08	-1.540014e-05	-4.726900e-08	-9.260568e-08	-2.003418e-07	-1.668553e-07	 4.893307e-08	 1.901774e-05	 3.967316e-09	 2.304332e-08	 1.072476e-08	
-3.482834e-08	 1.137981e-06	-6.258969e-06	-2.929964e-04	-1.421644e-06	-4.256441e-06	 4.025275e-05	-2.440516e-02	-2.730905e-07	-7.990625e-05	 4.433677e-05	-5.518961e-07	-4.050166e-04	-3.786936e-06	-2.546966e-06	-2.889794e-06	-1.563349e-06	-1.151532e-05	-3.635063e-04	-6.367611e-08	 5.473942e-07	-1.694838e-07	
 5.268451e-07	-6.258969e-06	 4.175648e-04	 3.950101e-03	 2.090448e-05	 2.122222e-04	 1.365322e-04	 1.234757e-01	 5.036482e-06	-1.762974e-04	-1.728182e-03	-4.128819e-05	-1.694249e-03	-1.918020e-06	 4.467203e-05	 6.469710e-08	 1.319704e-05	-1.630421e-04	 1.950571e-02	 1.159368e-06	 1.541420e-04	 1.216124e-05	
 4.027658e-05	-2.929964e-04	 3.950101e-03	 2.326073e-01	 1.025944e-03	 2.246778e-03	 1.796946e-02	-5.942307e-01	 5.958283e-05	-3.182861e-02	-1.338422e-02	-1.143402e-03	-1.152293e-01	-9.204960e-04	-3.823993e-04	-3.054507e-04	-2.667610e-04	-2.819252e-03	 1.934492e-01	 2.575384e-05	 5.662610e-04	 5.648604e-04	
 8.126898e-08	-1.421644e-06	 2.090448e-05	 1.025944e-03	 1.054693e-05	 1.289426e-05	 9.304877e-05	-2.665921e-02	 5.821350e-07	-1.825308e-04	-1.002315e-04	-7.709394e-06	-8.204368e-04	-6.246009e-06	-4.929276e-07	 1.564750e-06	 4.200840e-06	 5.250515e-06	 1.151369e-03	 9.338377e-08	 5.674385e-06	 8.457675e-06	
 2.555902e-07	-4.256441e-06	 2.122222e-04	 2.246778e-03	 1.289426e-05	 1.139716e-04	 3.885537e-05	 5.054080e-02	-1.510073e-06	-2.705344e-05	-7.932474e-04	-2.493249e-05	-6.147420e-04	 2.319695e-06	 2.559726e-05	 5.492856e-06	 8.725345e-06	-5.750525e-05	 1.046155e-02	 5.963829e-07	 7.576657e-05	 7.310811e-06	
 2.571040e-06	 4.025275e-05	 1.365322e-04	 1.796946e-02	 9.304877e-05	 3.885537e-05	 1.152370e-02	-8.776074e+00	-1.755799e-05	-1.857475e-02	-4.697957e-03	-2.049087e-04	-8.855817e-02	-7.702489e-04	-5.613494e-04	-3.225821e-04	-2.003760e-04	-1.810088e-03	 3.948333e-03	-7.292933e-06	 1.198066e-04	 1.123128e-04	
 4.738457e-04	-2.440516e-02	 1.234757e-01	-5.942307e-01	-2.665921e-02	 5.054080e-02	-8.776074e+00	 2.350737e+05	 3.299806e-02	-5.164379e+00	 3.067489e+01	 3.900160e+00	 1.024221e+02	-3.590833e-01	 6.311237e-01	 3.622123e-01	 6.777537e-01	 2.134116e+00	 3.674021e+00	 4.619535e-03	-8.370045e-03	-5.073336e-02	
 2.425091e-08	-2.730905e-07	 5.036482e-06	 5.958283e-05	 5.821350e-07	-1.510073e-06	-1.755799e-05	 3.299806e-02	 4.284648e-06	 2.334524e-05	-1.033457e-04	 4.089419e-06	 1.668996e-04	 5.438857e-07	 4.397157e-07	-9.878287e-07	 1.270510e-06	-5.647658e-06	-1.520738e-04	 2.292028e-08	 1.417056e-06	 2.869220e-07	
-3.916804e-06	-7.990625e-05	-1.762974e-04	-3.182861e-02	-1.825308e-04	-2.705344e-05	-1.857475e-02	-5.164379e+00	 2.334524e-05	 1.866507e-01	-1.550377e-01	-1.093134e-02	 4.869341e-01	 1.089413e-02	 8.725857e-03	 1.105421e-03	 4.122473e-04	 5.257469e-03	-4.384406e-03	 1.511457e-05	-2.090889e-04	-2.224089e-04	
-1.672402e-06	 4.433677e-05	-1.728182e-03	-1.338422e-02	-1.002315e-04	-7.932474e-04	-4.697957e-03	 3.067489e+01	-1.033457e-04	-1.550377e-01	 4.018205e+00	 2.406636e-02	 5.107516e-01	-1.641739e-02	-8.581546e-03	 2.758328e-03	 3.021171e-03	 7.996974e-02	-7.013751e-02	-1.438323e-06	-5.986458e-04	-5.097791e-05	
 6.442342e-08	-5.518961e-07	-4.128819e-05	-1.143402e-03	-7.709394e-06	-2.493249e-05	-2.049087e-04	 3.900160e+00	 4.089419e-06	-1.093134e-02	 2.406636e-02	 2.593225e-02	-5.769902e-02	-1.152845e-03	-1.547144e-03	 5.499635e-04	-7.093627e-05	 2.290174e-03	-2.488428e-03	 1.999640e-07	-1.784674e-05	-6.658142e-06	
-1.540014e-05	-4.050166e-04	-1.694249e-03	-1.152293e-01	-8.204368e-04	-6.147420e-04	-8.855817e-02	 1.024221e+02	 1.668996e-04	 4.869341e-01	 5.107516e-01	-5.769902e-02	 9.257772e+00	 2.809673e-02	 1.940018e-02	 1.727822e-03	-2.169731e-03	 1.456057e-02	-6.441966e-02	 6.644032e-05	-1.510320e-03	-1.069116e-03	
-4.726900e-08	-3.786936e-06	-1.918020e-06	-9.204960e-04	-6.246009e-06	 2.319695e-06	-7.702489e-04	-3.590833e-01	 5.438857e-07	 1.089413e-02	-1.641739e-02	-1.152845e-03	 2.809673e-02	 1.671961e-03	 6.892956e-04	 3.659186e-05	 2.481808e-05	 8.972864e-04	 9.953516e-07	 6.751962e-07	-8.351316e-06	-8.756666e-06	
-9.260568e-08	-2.546966e-06	 4.467203e-05	-3.823993e-04	-4.929276e-07	 2.559726e-05	-5.613494e-04	 6.311237e-01	 4.397157e-07	 8.725857e-03	-8.581546e-03	-1.547144e-03	 1.940018e-02	 6.892956e-04	 1.647275e-03	 3.122419e-04	 1.188410e-05	 5.756175e-04	 2.164866e-03	 5.791273e-07	 1.453343e-05	-2.234631e-06	
-2.003418e-07	-2.889794e-06	 6.469710e-08	-3.054507e-04	 1.564750e-06	 5.492856e-06	-3.225821e-04	 3.622123e-01	-9.878287e-07	 1.105421e-03	 2.758328e-03	 5.499635e-04	 1.727822e-03	 3.659186e-05	 3.122419e-04	 1.678486e-03	 3.485945e-04	 8.643544e-04	 4.158724e-04	 4.169074e-07	-4.673808e-06	-5.878137e-07	
-1.668553e-07	-1.563349e-06	 1.319704e-05	-2.667610e-04	 4.200840e-06	 8.725345e-06	-2.003760e-04	 6.777537e-01	 1.270510e-06	 4.122473e-04	 3.021171e-03	-7.093627e-05	-2.169731e-03	 2.481808e-05	 1.188410e-05	 3.485945e-04	 1.327644e-03	 6.921045e-04	 7.918754e-04	 2.869003e-07	 4.403747e-06	 3.322408e-06	
 4.893307e-08	-1.151532e-05	-1.630421e-04	-2.819252e-03	 5.250515e-06	-5.750525e-05	-1.810088e-03	 2.134116e+00	-5.647658e-06	 5.257469e-03	 7.996974e-02	 2.290174e-03	 1.456057e-02	 8.972864e-04	 5.756175e-04	 8.643544e-04	 6.921045e-04	 3.830911e-02	-5.433277e-03	 2.839744e-06	-8.245880e-05	-1.642182e-06	
 1.901774e-05	-3.635063e-04	 1.950571e-02	 1.934492e-01	 1.151369e-03	 1.046155e-02	 3.948333e-03	 3.674021e+00	-1.520738e-04	-4.384406e-03	-7.013751e-02	-2.488428e-03	-6.441966e-02	 9.953516e-07	 2.164866e-03	 4.158724e-04	 7.918754e-04	-5.433277e-03	 9.630659e-01	 5.334445e-05	 7.063051e-03	 6.749942e-04	
 3.967316e-09	-6.367611e-08	 1.159368e-06	 2.575384e-05	 9.338377e-08	 5.963829e-07	-7.292933e-06	 4.619535e-03	 2.292028e-08	 1.511457e-05	-1.438323e-06	 1.999640e-07	 6.644032e-05	 6.751962e-07	 5.791273e-07	 4.169074e-07	 2.869003e-07	 2.839744e-06	 5.334445e-05	 8.720495e-08	 4.299379e-07	 2.862954e-08	
 2.304332e-08	 5.473942e-07	 1.541420e-04	 5.662610e-04	 5.674385e-06	 7.576657e-05	 1.198066e-04	-8.370045e-03	 1.417056e-06	-2.090889e-04	-5.986458e-04	-1.784674e-05	-1.510320e-03	-8.351316e-06	 1.453343e-05	-4.673808e-06	 4.403747e-06	-8.245880e-05	 7.063051e-03	 4.299379e-07	 6.614662e-05	 5.789225e-06	
 1.072476e-08	-1.694838e-07	 1.216124e-05	 5.648604e-04	 8.457675e-06	 7.310811e-06	 1.123128e-04	-5.073336e-02	 2.869220e-07	-2.224089e-04	-5.097791e-05	-6.658142e-06	-1.069116e-03	-8.756666e-06	-2.234631e-06	-5.878137e-07	 3.322408e-06	-1.642182e-06	 6.749942e-04	 2.862954e-08	 5.789225e-06	 7.893356e-06	
