#          omega_b,        omega_cdm,     ln10^{10}A_s,               H0,              n_s,         tau_reio,           xi_idr,           a_dark,         A_planck,              T0a,              T0s,          gamma_a,          gamma_s,              Fz1,              Fz2,              Fz3,              Fz4,             F_UV,           z_reio,      100*theta_s,           sigma8,             neff
 1.533015e-08	-5.092997e-08	 4.843414e-07	 3.633922e-05	 6.111183e-08	 2.617688e-07	 6.724767e-07	-1.117505e+00	 1.709883e-08	-3.208221e-06	-2.403538e-06	 1.314838e-06	 3.505782e-06	-2.009095e-07	-1.120216e-07	-9.084052e-09	-5.258012e-08	 8.327328e-07	 1.947188e-05	 5.435194e-09	-2.624889e-08	-1.569066e-08	
-5.092997e-08	 1.046964e-06	-6.829111e-06	-3.766063e-04	-1.841318e-06	-4.641943e-06	 1.793960e-05	 1.034338e+01	-7.287467e-08	-7.189366e-06	 5.065721e-05	 2.467934e-06	-1.432067e-04	 3.627072e-07	-9.018386e-07	-5.043474e-07	-9.911033e-07	-4.251621e-06	-3.995834e-04	-4.534468e-08	 2.455020e-07	-6.621455e-07	
 4.843414e-07	-6.829111e-06	 3.962088e-04	 3.437527e-03	 2.043910e-05	 2.040759e-04	 1.720814e-04	-3.566003e+02	 3.593552e-06	 5.285140e-05	-8.075111e-04	 5.581034e-05	 1.174220e-03	 7.644127e-06	 6.851518e-06	-3.558444e-06	 2.648870e-05	-4.908259e-05	 1.881967e-02	 9.675789e-07	 1.446953e-04	 1.218091e-05	
 3.633922e-05	-3.766063e-04	 3.437527e-03	 2.085958e-01	 9.345378e-04	 2.111576e-03	 9.245833e-03	-1.232093e+04	 4.059027e-05	-1.259812e-02	-2.803494e-02	 1.651178e-03	-1.864155e-02	-7.927562e-04	-6.636007e-04	-1.916245e-04	 2.206991e-05	 5.381300e-04	 1.806064e-01	 3.822021e-05	 2.085122e-04	 4.397537e-04	
 6.111183e-08	-1.841318e-06	 2.043910e-05	 9.345378e-04	 1.058157e-05	 1.326562e-05	 5.483181e-05	-1.023031e+02	 5.519103e-07	-3.359126e-05	-9.929130e-05	-1.656037e-06	-1.123120e-04	-9.856907e-07	-5.954937e-06	 1.923804e-08	 4.149872e-07	 9.412035e-06	 1.189810e-03	 1.729267e-07	 4.850192e-06	 8.344123e-06	
 2.617688e-07	-4.641943e-06	 2.040759e-04	 2.111576e-03	 1.326562e-05	 1.115170e-04	 6.732018e-05	-2.064938e+02	-2.380598e-06	 1.769598e-05	-4.971632e-04	 1.371043e-05	 5.330297e-04	 2.941600e-06	 3.790131e-06	 4.303640e-06	 1.877606e-05	-2.539768e-05	 1.026533e-02	 4.917185e-07	 7.162676e-05	 7.800809e-06	
 6.724767e-07	 1.793960e-05	 1.720814e-04	 9.245833e-03	 5.483181e-05	 6.732018e-05	 9.127782e-03	-8.179349e+03	-1.658037e-06	-7.014308e-03	-1.534973e-03	 5.593795e-04	-3.940910e-02	-3.093207e-04	-3.555438e-04	-1.717815e-04	-7.700039e-05	-6.145636e-04	 6.524560e-03	-3.282200e-06	 1.008814e-04	 5.550353e-05	
-1.117505e+00	 1.034338e+01	-3.566003e+02	-1.232093e+04	-1.023031e+02	-2.064938e+02	-8.179349e+03	 8.541626e+10	 3.926013e+00	-8.405533e+02	-1.680995e+04	-2.801115e+03	 1.341014e+03	 1.371992e+02	 6.521421e+02	-9.561734e+01	-1.973271e+02	 1.396501e+03	-1.865533e+04	 1.197329e+00	-1.173037e+02	-1.189270e+02	
 1.709883e-08	-7.287467e-08	 3.593552e-06	 4.059027e-05	 5.519103e-07	-2.380598e-06	-1.658037e-06	 3.926013e+00	 4.148613e-06	 2.210837e-05	 3.756493e-05	 7.655545e-06	 2.316846e-04	 9.362331e-07	 5.377372e-07	-4.345455e-06	-3.615660e-06	 6.893539e-06	-2.275851e-04	 1.160998e-08	 1.355133e-06	 4.706460e-07	
-3.208221e-06	-7.189366e-06	 5.285140e-05	-1.259812e-02	-3.359126e-05	 1.769598e-05	-7.014308e-03	-8.405533e+02	 2.210837e-05	 1.841649e-01	-1.846872e-01	-1.172732e-02	 4.815804e-01	 1.070401e-02	 1.006804e-02	 1.671786e-04	 1.011751e-04	 3.543064e-03	 1.442481e-03	 6.676602e-07	 3.601852e-05	 4.304946e-05	
-2.403538e-06	 5.065721e-05	-8.075111e-04	-2.803494e-02	-9.929130e-05	-4.971632e-04	-1.534973e-03	-1.680995e+04	 3.756493e-05	-1.846872e-01	 4.413704e+00	 3.065310e-02	 4.382006e-01	-2.053592e-02	-1.311454e-02	 7.995711e-03	 3.462879e-03	 7.353589e-02	-4.150489e-02	-1.309534e-05	-1.835100e-04	-1.058965e-05	
 1.314838e-06	 2.467934e-06	 5.581034e-05	 1.651178e-03	-1.656037e-06	 1.371043e-05	 5.593795e-04	-2.801115e+03	 7.655545e-06	-1.172732e-02	 3.065310e-02	 2.775737e-02	-1.066565e-01	-1.163605e-03	-1.610978e-03	 7.894091e-04	 1.622803e-04	 1.749121e-03	 1.028566e-03	 1.033570e-06	 2.342220e-05	-2.716452e-06	
 3.505782e-06	-1.432067e-04	 1.174220e-03	-1.864155e-02	-1.123120e-04	 5.330297e-04	-3.940910e-02	 1.341014e+03	 2.316846e-04	 4.815804e-01	 4.382006e-01	-1.066565e-01	 9.326102e+00	 2.653268e-02	 2.160118e-02	 6.201776e-04	 1.276869e-03	 1.910022e-02	 4.337067e-02	 1.308175e-05	 1.649325e-04	 6.763795e-05	
-2.009095e-07	 3.627072e-07	 7.644127e-06	-7.927562e-04	-9.856907e-07	 2.941600e-06	-3.093207e-04	 1.371992e+02	 9.362331e-07	 1.070401e-02	-2.053592e-02	-1.163605e-03	 2.653268e-02	 1.683121e-03	 7.193207e-04	-7.304765e-05	 4.193897e-05	 5.363535e-04	 2.357127e-04	 5.779098e-08	 6.427179e-06	 2.844262e-06	
-1.120216e-07	-9.018386e-07	 6.851518e-06	-6.636007e-04	-5.954937e-06	 3.790131e-06	-3.555438e-04	 6.521421e+02	 5.377372e-07	 1.006804e-02	-1.311454e-02	-1.610978e-03	 2.160118e-02	 7.193207e-04	 1.764730e-03	 1.894826e-04	-7.224098e-05	 3.645835e-04	 1.815074e-04	-6.646397e-08	 7.826983e-07	-4.583607e-06	
-9.084052e-09	-5.043474e-07	-3.558444e-06	-1.916245e-04	 1.923804e-08	 4.303640e-06	-1.717815e-04	-9.561734e+01	-4.345455e-06	 1.671786e-04	 7.995711e-03	 7.894091e-04	 6.201776e-04	-7.304765e-05	 1.894826e-04	 1.626453e-03	 3.011476e-04	 4.484366e-04	 3.193086e-04	-1.914295e-08	-2.230483e-06	 6.926521e-07	
-5.258012e-08	-9.911033e-07	 2.648870e-05	 2.206991e-05	 4.149872e-07	 1.877606e-05	-7.700039e-05	-1.973271e+02	-3.615660e-06	 1.011751e-04	 3.462879e-03	 1.622803e-04	 1.276869e-03	 4.193897e-05	-7.224098e-05	 3.011476e-04	 1.371246e-03	 4.011339e-04	 1.802329e-03	 1.543963e-07	 8.853888e-06	 6.242251e-07	
 8.327328e-07	-4.251621e-06	-4.908259e-05	 5.381300e-04	 9.412035e-06	-2.539768e-05	-6.145636e-04	 1.396501e+03	 6.893539e-06	 3.543064e-03	 7.353589e-02	 1.749121e-03	 1.910022e-02	 5.363535e-04	 3.645835e-04	 4.484366e-04	 4.011339e-04	 3.295314e-02	-2.455271e-03	-9.729755e-08	-3.155119e-05	 1.139593e-05	
 1.947188e-05	-3.995834e-04	 1.881967e-02	 1.806064e-01	 1.189810e-03	 1.026533e-02	 6.524560e-03	-1.865533e+04	-2.275851e-04	 1.442481e-03	-4.150489e-02	 1.028566e-03	 4.337067e-02	 2.357127e-04	 1.815074e-04	 3.193086e-04	 1.802329e-03	-2.455271e-03	 9.477674e-01	 4.369496e-05	 6.709684e-03	 7.221197e-04	
 5.435194e-09	-4.534468e-08	 9.675789e-07	 3.822021e-05	 1.729267e-07	 4.917185e-07	-3.282200e-06	 1.197329e+00	 1.160998e-08	 6.676602e-07	-1.309534e-05	 1.033570e-06	 1.308175e-05	 5.779098e-08	-6.646397e-08	-1.914295e-08	 1.543963e-07	-9.729755e-08	 4.369496e-05	 8.194076e-08	 3.756634e-07	 1.222059e-07	
-2.624889e-08	 2.455020e-07	 1.446953e-04	 2.085122e-04	 4.850192e-06	 7.162676e-05	 1.008814e-04	-1.173037e+02	 1.355133e-06	 3.601852e-05	-1.835100e-04	 2.342220e-05	 1.649325e-04	 6.427179e-06	 7.826983e-07	-2.230483e-06	 8.853888e-06	-3.155119e-05	 6.709684e-03	 3.756634e-07	 6.213153e-05	 5.076180e-06	
-1.569066e-08	-6.621455e-07	 1.218091e-05	 4.397537e-04	 8.344123e-06	 7.800809e-06	 5.550353e-05	-1.189270e+02	 4.706460e-07	 4.304946e-05	-1.058965e-05	-2.716452e-06	 6.763795e-05	 2.844262e-06	-4.583607e-06	 6.926521e-07	 6.242251e-07	 1.139593e-05	 7.221197e-04	 1.222059e-07	 5.076180e-06	 7.844129e-06	
