#          omega_b,        omega_cdm,     ln10^{10}A_s,               H0,              n_s,         tau_reio,           xi_idr,        loga_dark,         A_planck,              T0a,              T0s,          gamma_a,          gamma_s,              Fz1,              Fz2,              Fz3,              Fz4,             F_UV,           z_reio,      100*theta_s,           sigma8,             neff
 1.848986e-08	-1.048376e-08	 2.164561e-07	 4.859285e-05	 1.341994e-07	 1.005108e-07	 5.200720e-06	-2.486841e-05	-3.141800e-09	-2.814297e-06	-4.779988e-05	 1.926987e-07	-2.543659e-05	-2.863331e-07	-3.447884e-07	-9.585763e-07	-3.582088e-07	 3.357846e-06	 4.688188e-06	 2.852095e-09	-5.642121e-08	 8.216873e-08	
-1.048376e-08	 1.324912e-06	 3.439961e-07	-1.337698e-04	-5.711356e-07	-1.466703e-06	 8.492041e-05	 6.319931e-05	-5.717008e-08	-7.586077e-05	 4.163772e-04	 2.818561e-05	 3.342646e-04	-4.515040e-06	-3.038217e-06	-3.305956e-06	-1.146770e-06	-1.471044e-05	-1.047795e-04	-8.494496e-08	 3.473114e-06	 6.089219e-07	
 2.164561e-07	 3.439961e-07	 3.269040e-04	 2.870392e-03	 2.214184e-05	 1.565133e-04	 5.866853e-04	-1.208891e-02	 7.923508e-06	-2.067757e-04	-6.183026e-04	 8.564977e-06	-5.058746e-03	-7.820348e-06	 2.862901e-05	 2.495430e-05	-2.285904e-05	 3.269563e-04	 1.469323e-02	-1.134603e-08	 1.349050e-04	 2.036944e-05	
 4.859285e-05	-1.337698e-04	 2.870392e-03	 2.741758e-01	 1.194502e-03	 1.415927e-03	 3.284633e-02	-1.784288e-01	 1.284046e-04	 1.577929e-02	-2.464088e-01	-4.456972e-04	-2.083395e-01	-7.616652e-05	 9.415004e-04	-1.086020e-04	 5.971568e-04	 1.511496e-02	 1.187520e-01	 8.999687e-06	 4.166428e-04	 8.503296e-04	
 1.341994e-07	-5.711356e-07	 2.214184e-05	 1.194502e-03	 9.845770e-06	 1.108842e-05	 1.463146e-04	-7.328849e-04	 1.485901e-06	-1.484793e-04	-4.403891e-04	 2.065618e-05	-1.693747e-03	-2.376218e-06	-2.222308e-06	 5.071994e-07	 2.317962e-06	 4.292285e-05	 1.000447e-03	 1.118529e-08	 7.414827e-06	 8.344906e-06	
 1.005108e-07	-1.466703e-06	 1.565133e-04	 1.415927e-03	 1.108842e-05	 8.080011e-05	 1.726532e-04	-5.281078e-03	 4.553462e-07	-7.511266e-05	-7.197684e-04	-7.522342e-05	-3.586258e-03	 8.240723e-06	 1.612271e-05	 1.344826e-05	-1.513737e-05	 1.786962e-04	 7.549360e-03	 1.093837e-07	 6.078174e-05	 8.843774e-06	
 5.200720e-06	 8.492041e-05	 5.866853e-04	 3.284633e-02	 1.463146e-04	 1.726532e-04	 1.691449e-02	-5.332259e-02	 4.668423e-06	-1.619223e-03	-2.233518e-03	 7.597437e-04	-2.008411e-02	 6.720074e-06	 2.082419e-04	-8.588540e-05	-2.406964e-04	 2.013711e-03	 1.691536e-02	-1.154117e-05	 3.794268e-04	 1.844797e-04	
-2.486841e-05	 6.319931e-05	-1.208891e-02	-1.784288e-01	-7.328849e-04	-5.281078e-03	-5.332259e-02	 8.077852e+00	-7.875860e-04	 1.258053e-01	 3.257699e-01	 1.126494e-03	 1.254981e+00	 1.538341e-02	-5.642760e-03	-9.615551e-03	 4.614869e-03	-4.112007e-02	-4.894605e-01	 4.868929e-05	-4.472548e-03	-7.131516e-04	
-3.141800e-09	-5.717008e-08	 7.923508e-06	 1.284046e-04	 1.485901e-06	 4.553462e-07	 4.668423e-06	-7.875860e-04	 3.687246e-06	 7.362675e-06	 1.545240e-05	 4.152542e-05	 4.038411e-04	-7.228708e-06	-8.348446e-07	 3.372364e-06	 3.964239e-06	-5.714130e-06	 4.314183e-05	-3.678476e-08	 3.217505e-06	 1.374144e-06	
-2.814297e-06	-7.586077e-05	-2.067757e-04	 1.577929e-02	-1.484793e-04	-7.511266e-05	-1.619223e-03	 1.258053e-01	 7.362675e-06	 1.931452e-01	-3.286574e-01	-1.284770e-02	 3.133179e-01	 1.047623e-02	 9.185381e-03	 4.132054e-03	 1.403588e-03	-5.446599e-03	-7.483504e-03	 3.506842e-06	-3.551843e-04	-2.168421e-04	
-4.779988e-05	 4.163772e-04	-6.183026e-04	-2.464088e-01	-4.403891e-04	-7.197684e-04	-2.233518e-03	 3.257699e-01	 1.545240e-05	-3.286574e-01	 5.304161e+00	 6.058995e-02	 7.882037e-01	-2.096322e-02	-2.265014e-02	 1.452140e-02	-3.877816e-03	 1.822190e-02	-4.944572e-02	-2.427239e-05	 1.350923e-03	 1.072303e-04	
 1.926987e-07	 2.818561e-05	 8.564977e-06	-4.456972e-04	 2.065618e-05	-7.522342e-05	 7.597437e-04	 1.126494e-03	 4.152542e-05	-1.284770e-02	 6.058995e-02	 3.069345e-02	-4.588957e-02	-2.614936e-03	-9.608256e-04	 1.465073e-03	 4.625708e-04	 8.543494e-04	-7.070106e-03	-1.727232e-06	 7.927076e-05	 4.600745e-05	
-2.543659e-05	 3.342646e-04	-5.058746e-03	-2.083395e-01	-1.693747e-03	-3.586258e-03	-2.008411e-02	 1.254981e+00	 4.038411e-04	 3.133179e-01	 7.882037e-01	-4.588957e-02	 7.408833e+00	 3.387157e-02	 1.449086e-02	 5.985691e-03	 8.011005e-03	-7.242992e-02	-3.123582e-01	-2.187267e-05	-1.237956e-03	-1.262940e-03	
-2.863331e-07	-4.515040e-06	-7.820348e-06	-7.616652e-05	-2.376218e-06	 8.240723e-06	 6.720074e-06	 1.538341e-02	-7.228708e-06	 1.047623e-02	-2.096322e-02	-2.614936e-03	 3.387157e-02	 1.421288e-03	 6.581678e-04	 1.954942e-04	-2.697372e-07	 1.778575e-04	 7.598484e-04	 1.238138e-07	-1.444984e-05	-5.974805e-06	
-3.447884e-07	-3.038217e-06	 2.862901e-05	 9.415004e-04	-2.222308e-06	 1.612271e-05	 2.082419e-04	-5.642760e-03	-8.348446e-07	 9.185381e-03	-2.265014e-02	-9.608256e-04	 1.449086e-02	 6.581678e-04	 1.528478e-03	 4.890897e-04	 1.353902e-05	 5.442559e-06	 1.449361e-03	 1.631059e-07	 2.274083e-06	-4.787822e-06	
-9.585763e-07	-3.305956e-06	 2.495430e-05	-1.086020e-04	 5.071994e-07	 1.344826e-05	-8.588540e-05	-9.615551e-03	 3.372364e-06	 4.132054e-03	 1.452140e-02	 1.465073e-03	 5.985691e-03	 1.954942e-04	 4.890897e-04	 1.790891e-03	 2.774581e-04	-5.353975e-04	 1.336211e-03	-5.985212e-07	 3.502419e-06	-1.492205e-06	
-3.582088e-07	-1.146770e-06	-2.285904e-05	 5.971568e-04	 2.317962e-06	-1.513737e-05	-2.406964e-04	 4.614869e-03	 3.964239e-06	 1.403588e-03	-3.877816e-03	 4.625708e-04	 8.011005e-03	-2.697372e-07	 1.353902e-05	 2.774581e-04	 1.102745e-03	-6.642995e-04	-1.328470e-03	 9.926826e-07	-1.073387e-05	 1.145311e-06	
 3.357846e-06	-1.471044e-05	 3.269563e-04	 1.511496e-02	 4.292285e-05	 1.786962e-04	 2.013711e-03	-4.112007e-02	-5.714130e-06	-5.446599e-03	 1.822190e-02	 8.543494e-04	-7.242992e-02	 1.778575e-04	 5.442559e-06	-5.353975e-04	-6.642995e-04	 2.898691e-02	 1.531326e-02	 5.378254e-06	 7.484853e-05	 2.030965e-05	
 4.688188e-06	-1.047795e-04	 1.469323e-02	 1.187520e-01	 1.000447e-03	 7.549360e-03	 1.691536e-02	-4.894605e-01	 4.314183e-05	-7.483504e-03	-4.944572e-02	-7.070106e-03	-3.123582e-01	 7.598484e-04	 1.449361e-03	 1.336211e-03	-1.328470e-03	 1.531326e-02	 7.078417e-01	 7.986581e-06	 5.817534e-03	 8.288335e-04	
 2.852095e-09	-8.494496e-08	-1.134603e-08	 8.999687e-06	 1.118529e-08	 1.093837e-07	-1.154117e-05	 4.868929e-05	-3.678476e-08	 3.506842e-06	-2.427239e-05	-1.727232e-06	-2.187267e-05	 1.238138e-07	 1.631059e-07	-5.985212e-07	 9.926826e-07	 5.378254e-06	 7.986581e-06	 8.481234e-08	-8.806304e-08	-4.563454e-08	
-5.642121e-08	 3.473114e-06	 1.349050e-04	 4.166428e-04	 7.414827e-06	 6.078174e-05	 3.794268e-04	-4.472548e-03	 3.217505e-06	-3.551843e-04	 1.350923e-03	 7.927076e-05	-1.237956e-03	-1.444984e-05	 2.274083e-06	 3.502419e-06	-1.073387e-05	 7.484853e-05	 5.817534e-03	-8.806304e-08	 6.559755e-05	 1.005983e-05	
 8.216873e-08	 6.089219e-07	 2.036944e-05	 8.503296e-04	 8.344906e-06	 8.843774e-06	 1.844797e-04	-7.131516e-04	 1.374144e-06	-2.168421e-04	 1.072303e-04	 4.600745e-05	-1.262940e-03	-5.974805e-06	-4.787822e-06	-1.492205e-06	 1.145311e-06	 2.030965e-05	 8.288335e-04	-4.563454e-08	 1.005983e-05	 8.121358e-06	
