#          omega_b,        omega_cdm,     ln10^{10}A_s,               H0,              n_s,         tau_reio,           xi_idr,        loga_dark,         A_planck,              T0a,              T0s,          gamma_a,          gamma_s,              Fz1,              Fz2,              Fz3,              Fz4,             F_UV,           z_reio,      100*theta_s,           sigma8,             neff
 2.054709e-08	 2.809113e-08	 5.033205e-07	 6.750442e-05	 2.200219e-07	 1.777239e-07	 8.584780e-06	-5.532064e-05	 1.145142e-08	 1.871466e-06	-1.631972e-05	-6.903043e-07	-3.599041e-05	 2.059254e-07	 2.714658e-07	 1.805408e-07	 1.804176e-08	 2.793225e-07	 1.206159e-05	-5.781385e-09	 1.163954e-07	 1.782862e-07	
 2.809113e-08	 2.399204e-06	-2.690190e-06	 2.986018e-04	 1.851479e-06	-4.257363e-06	 1.707333e-04	-6.082118e-04	-1.724194e-08	-1.016477e-04	-1.490029e-04	 3.661874e-06	-4.910533e-04	-6.920382e-06	-2.856968e-06	 3.002015e-06	-9.391830e-07	-1.847434e-06	-3.492933e-04	-2.682048e-07	 4.088051e-06	 3.618502e-06	
 5.033205e-07	-2.690190e-06	 4.120431e-04	 4.410766e-03	 2.614618e-05	 2.084098e-04	 2.870323e-04	 1.202217e-03	 2.674206e-06	-3.072517e-04	-1.470543e-03	 1.539406e-04	-5.005526e-04	-9.401804e-06	 1.096037e-06	 1.650702e-05	-2.430328e-05	-7.653356e-05	 1.927101e-02	 5.494274e-07	 1.605366e-04	 1.986243e-05	
 6.750442e-05	 2.986018e-04	 4.410766e-03	 4.540411e-01	 2.300574e-03	 1.862277e-03	 7.261850e-02	-3.422162e-01	-2.639667e-05	-1.671214e-03	-9.797466e-02	-1.276031e-03	-6.054065e-02	 7.369404e-04	 9.971869e-04	 1.154534e-03	-4.161250e-04	-1.501153e-03	 1.649843e-01	-6.231741e-05	 1.834011e-03	 2.139495e-03	
 2.200219e-07	 1.851479e-06	 2.614618e-05	 2.300574e-03	 1.789699e-05	 1.186935e-05	 3.979835e-04	-1.283361e-03	 3.634903e-07	-6.599268e-06	-3.816268e-04	 2.980576e-06	 2.462536e-04	 4.957809e-06	 6.922290e-06	 8.172129e-06	-6.116685e-06	-2.756971e-05	 1.104187e-03	-3.897481e-07	 1.379650e-05	 1.740915e-05	
 1.777239e-07	-4.257363e-06	 2.084098e-04	 1.862277e-03	 1.186935e-05	 1.137421e-04	-5.063947e-05	 1.164081e-03	-2.728508e-06	-1.667114e-05	-5.976937e-04	 5.521782e-05	 5.902663e-04	 6.240322e-06	 6.317718e-06	 6.678052e-06	-8.885901e-06	-6.186962e-05	 1.048377e-02	 5.580173e-07	 7.522851e-05	 6.582424e-06	
 8.584780e-06	 1.707333e-04	 2.870323e-04	 7.261850e-02	 3.979835e-04	-5.063947e-05	 2.576799e-02	-1.539123e-01	-1.157033e-05	-7.239248e-03	-3.625085e-02	-1.584179e-04	-4.249873e-02	-3.578485e-04	-1.109541e-04	 2.637785e-04	-1.134292e-04	-1.919012e-03	-2.826498e-03	-2.739532e-05	 4.069673e-04	 4.794460e-04	
-5.532064e-05	-6.082118e-04	 1.202217e-03	-3.422162e-01	-1.283361e-03	 1.164081e-03	-1.539123e-01	 7.126444e+00	 2.670163e-04	-4.643829e-02	 1.126627e-01	-1.066932e-02	-4.619923e-01	-3.693542e-03	-5.047625e-03	-7.125394e-03	-2.936892e-03	 3.444151e-03	 1.093148e-01	 1.317246e-04	-1.506308e-04	-1.484674e-03	
 1.145142e-08	-1.724194e-08	 2.674206e-06	-2.639667e-05	 3.634903e-07	-2.728508e-06	-1.157033e-05	 2.670163e-04	 4.022268e-06	-6.886446e-06	 6.926863e-05	 1.937925e-05	-1.009133e-04	-1.691151e-06	-1.256852e-06	-9.253770e-07	-2.680351e-06	 2.030963e-05	-2.634873e-04	 5.470346e-09	 1.235866e-06	 3.592439e-07	
 1.871466e-06	-1.016477e-04	-3.072517e-04	-1.671214e-03	-6.599268e-06	-1.667114e-05	-7.239248e-03	-4.643829e-02	-6.886446e-06	 1.693632e-01	-1.961575e-01	-1.018079e-02	 3.512264e-01	 9.744759e-03	 8.430322e-03	 2.197513e-04	 4.027950e-05	 2.855245e-04	-5.163374e-03	 1.020390e-05	-3.604782e-04	-9.220889e-05	
-1.631972e-05	-1.490029e-04	-1.470543e-03	-9.797466e-02	-3.816268e-04	-5.976937e-04	-3.625085e-02	 1.126627e-01	 6.926863e-05	-1.961575e-01	 4.332344e+00	 3.499605e-02	 9.149518e-01	-1.825319e-02	-1.068155e-02	 5.631702e-03	 1.670332e-03	 7.204899e-02	-4.951165e-02	 2.706362e-05	-7.636609e-04	-4.296611e-04	
-6.903043e-07	 3.661874e-06	 1.539406e-04	-1.276031e-03	 2.980576e-06	 5.521782e-05	-1.584179e-04	-1.066932e-02	 1.937925e-05	-1.018079e-02	 3.499605e-02	 2.737161e-02	-5.442857e-02	-1.195110e-03	-1.641644e-03	 1.870080e-04	 2.248595e-05	 4.290433e-04	 5.631307e-03	 5.060354e-07	 7.957142e-05	 7.426768e-06	
-3.599041e-05	-4.910533e-04	-5.005526e-04	-6.054065e-02	 2.462536e-04	 5.902663e-04	-4.249873e-02	-4.619923e-01	-1.009133e-04	 3.512264e-01	 9.149518e-01	-5.442857e-02	 9.119319e+00	 2.541232e-02	 1.632487e-02	-6.013806e-03	-1.745426e-03	-6.980277e-03	 5.180544e-02	 8.200948e-05	-9.527186e-04	-1.104176e-04	
 2.059254e-07	-6.920382e-06	-9.401804e-06	 7.369404e-04	 4.957809e-06	 6.240322e-06	-3.578485e-04	-3.693542e-03	-1.691151e-06	 9.744759e-03	-1.825319e-02	-1.195110e-03	 2.541232e-02	 1.494799e-03	 6.108249e-04	-8.147088e-05	-8.604481e-06	 2.407782e-04	 2.823079e-04	 6.598782e-07	-2.064309e-05	-1.604836e-06	
 2.714658e-07	-2.856968e-06	 1.096037e-06	 9.971869e-04	 6.922290e-06	 6.317718e-06	-1.109541e-04	-5.047625e-03	-1.256852e-06	 8.430322e-03	-1.068155e-02	-1.641644e-03	 1.632487e-02	 6.108249e-04	 1.757725e-03	 3.363988e-04	 2.157503e-05	 2.504558e-04	 1.697483e-04	 2.085573e-07	-7.094425e-06	 3.549912e-06	
 1.805408e-07	 3.002015e-06	 1.650702e-05	 1.154534e-03	 8.172129e-06	 6.678052e-06	 2.637785e-04	-7.125394e-03	-9.253770e-07	 2.197513e-04	 5.631702e-03	 1.870080e-04	-6.013806e-03	-8.147088e-05	 3.363988e-04	 1.758584e-03	 3.818229e-04	 9.854887e-04	 5.329840e-04	-6.571193e-07	 1.220912e-05	 9.624471e-06	
 1.804176e-08	-9.391830e-07	-2.430328e-05	-4.161250e-04	-6.116685e-06	-8.885901e-06	-1.134292e-04	-2.936892e-03	-2.680351e-06	 4.027950e-05	 1.670332e-03	 2.248595e-05	-1.745426e-03	-8.604481e-06	 2.157503e-05	 3.818229e-04	 1.347159e-03	 4.125685e-04	-8.547004e-04	 1.029024e-07	-1.321672e-05	-6.543669e-06	
 2.793225e-07	-1.847434e-06	-7.653356e-05	-1.501153e-03	-2.756971e-05	-6.186962e-05	-1.919012e-03	 3.444151e-03	 2.030963e-05	 2.855245e-04	 7.204899e-02	 4.290433e-04	-6.980277e-03	 2.407782e-04	 2.504558e-04	 9.854887e-04	 4.125685e-04	 3.163407e-02	-6.030633e-03	 6.856580e-08	-4.190672e-05	-2.809256e-05	
 1.206159e-05	-3.492933e-04	 1.927101e-02	 1.649843e-01	 1.104187e-03	 1.048377e-02	-2.826498e-03	 1.093148e-01	-2.634873e-04	-5.163374e-03	-4.951165e-02	 5.631307e-03	 5.180544e-02	 2.823079e-04	 1.697483e-04	 5.329840e-04	-8.547004e-04	-6.030633e-03	 9.695081e-01	 4.761163e-05	 7.088606e-03	 6.605629e-04	
-5.781385e-09	-2.682048e-07	 5.494274e-07	-6.231741e-05	-3.897481e-07	 5.580173e-07	-2.739532e-05	 1.317246e-04	 5.470346e-09	 1.020390e-05	 2.706362e-05	 5.060354e-07	 8.200948e-05	 6.598782e-07	 2.085573e-07	-6.571193e-07	 1.029024e-07	 6.856580e-08	 4.761163e-05	 1.185987e-07	-1.688395e-07	-5.470326e-07	
 1.163954e-07	 4.088051e-06	 1.605366e-04	 1.834011e-03	 1.379650e-05	 7.522851e-05	 4.069673e-04	-1.506308e-04	 1.235866e-06	-3.604782e-04	-7.636609e-04	 7.957142e-05	-9.527186e-04	-2.064309e-05	-7.094425e-06	 1.220912e-05	-1.321672e-05	-4.190672e-05	 7.088606e-03	-1.688395e-07	 7.560810e-05	 1.565548e-05	
 1.782862e-07	 3.618502e-06	 1.986243e-05	 2.139495e-03	 1.740915e-05	 6.582424e-06	 4.794460e-04	-1.484674e-03	 3.592439e-07	-9.220889e-05	-4.296611e-04	 7.426768e-06	-1.104176e-04	-1.604836e-06	 3.549912e-06	 9.624471e-06	-6.543669e-06	-2.809256e-05	 6.605629e-04	-5.470326e-07	 1.565548e-05	 1.859148e-05	
